1 2.0943951023932
2 1.24727391603778
3 1.01570625454462
4 0.486648772175405
5 1.18852349626341
6 0.279450366336282
7 0.328445713759872
8 0.835153125579355
9 0.0876757092530056
10 0.118450788399179
11 0.0132099188851709
12 0.258098208685062
13 0.335352722279823
14 0.0515415461284539
15 0.0199586296489072
16 0.34111327401015
17 0.348588380914885
18 0.316921143370377
19 0.717888754783703
20 0.232869449249957
21 0.238898671228034
22 0.395388134603206
23 0.0520253115808886
24 0.215186778153416
25 0.0180731592380154
26 0.111311851384992
27 0.0643730200125194
28 0.049067762384766
29 0.128781716703282
30 0.276042943949625
31 0.544443635100447
32 0.115226171317146
33 0.298071175767695
34 0.0434017382638059
35 0.022299271837297
36 0.18367055289434
37 0.0675443699669276
38 0.254009411818352
39 0.0893364189188062
40 0.289267897968677
41 0.192113477133025
42 0.363957723983399
43 0.0113228894755597
44 0.432749318557667
45 0.381516368895355
46 0.249653724285055
47 0.275416870793961
48 0.138906378302513
49 0.132587845823003
50 0.0215271973876807
51 0.0999545825390178
52 0.121444932334743
53 0.107231028430421
54 0.14601410405344
55 0.0250911089437844
56 0.21465602499665
57 0.201579318382406
58 0.0284260544856592
59 0.155685644298657
60 0.0603414936938882
61 0.035770454315228
62 0.0117023052603513
63 0.25695974358349
64 0.208173933569845
65 0.172360108593284
66 0.145636632284068
67 0.0130774867799865
68 0.28652494434261
69 0.1269239028571
70 0.0112867650687694
71 0.0918182792661169
72 0.0477059088932204
73 0.132127263463983
74 0.0419937975946882
75 0.119525772958824
76 0.150053853584514
77 0.178748697717205
78 0.0493150555572139
79 0.0748512599809281
80 0.0406070227904882
81 0.0427899533124343
82 0.0221433707744119
83 0.167970240998731
84 0.158276722911793
85 0.0144518730903025
86 0.219932913821164
87 0.0442955156992526
88 0.265173691245881
89 0.0654024359777043
90 0.190215588233748
91 0.0381628253692212
92 0.153391781368266
93 0.0398657215273373
94 0.101805548632194
95 0.144552763545266
96 0.120811371256367
97 0.0581669180715774
98 0.261453094259072
99 0.330211217898941
100 0.196046589540904
101 0.240782911762934
102 0.0523268767713376
103 0.0614822257166088
104 0.0414276438557377
105 0.11499899103283
106 0.0700800281106346
107 0.169307625817904
108 0.0834809365045537
109 0.163705402515517
110 0.13943205693364
111 0.0714739356079148
112 0.0337228103672746
113 0.065075589305791
114 0.190458097405231
115 0.24353091452252
116 0.0496510262685859
117 0.0715175526886749
118 0.0390122136724922
119 0.0256154676876887
120 0.120644792647778
121 0.170970635790604
122 0.0109985101810568
123 0.139770775355348
124 0.072412935574663
125 0.123854210582127
126 0.0404391936570536
127 0.172849425282922
128 0.0173333079633498
129 0.129652453182654
130 0.0610231629378917
131 0.11172293857561
132 0.0935895225572696
133 0.00764156147906991
134 0.122587226674086
135 0.144695822187188
136 0.0184005685649247
137 0.106148577884309
138 0.155684312801706
139 0.105294565377078
140 0.0871951687432642
141 0.0155765739831883
142 0.100703379143322
143 0.0192532042761075
144 0.157355268914163
145 0.234750675633541
146 0.0554610031251825
147 0.0903705563024499
148 0.161849065949254
149 0.00576736833015401
150 0.209156173519594
151 0.0295094983534936
152 0.0183986066692241
153 0.0248120261730658
154 0.0857928693267875
155 0.360902232948658
156 0.084632088505376
157 0.139222808156076
158 0.220343551112935
159 0.00661419420300602
160 0.00624554223358764
161 0.0586064391699632
162 0.249063656442226
163 0.0209809957008669
164 0.0749180278483439
165 0.0691804801800942
166 0.151163576942788
167 0.05636665018777
168 0.0704296693253923
169 0.0108717359014312
170 0.0722226945323485
171 0.0691771352478527
172 0.00829281406107052
173 0.08933395222753
174 0.118074093841269
175 0.0774057417383642
176 0.000303973954977721
177 0.0249569769284621
178 0.113104545426303
179 0.0652981809288731
180 0.0476673833670938
181 0.0630836325168631
182 0.013151208564822
183 0.215293486707219
184 0.0479545823406444
185 0.142383475834568
186 0.0800544551282321
187 0.24004065444946
188 0.0260851218037161
189 0.0110419183808204
190 0.176090491234828
191 0.00332763244051248
192 0.0874637405743046
193 0.146132960367384
194 0.0997873979814299
195 0.0444559647502558
196 0.0550259165573275
197 0.00520097513442597
198 0.0354973736861117
199 0.119776948785975
200 0.0478353504399363
201 0.0730418094674525
202 0.00387877603041398
203 0.119236347228703
204 0.0082004506830371
205 0.120213489955837
206 0.0869969947071554
207 0.0548149547400349
208 0.0415953655894699
209 0.0691567743059869
210 0.0316903373888779
211 0.0553762718103523
212 0.0485355959736942
213 0.154880595793306
214 0.0192417462617884
215 0.0545675048276277
216 0.137485881517528
217 0.0144968009307997
218 0.00580500855072863
219 0.021409865493601
220 0.0941728563174169
221 0.055728020053976
222 0.00853386218301866
223 0.0283613415608501
224 0.114877006023001
225 0.0247587355385259
226 0.0217323778112073
227 0.110583613626582
228 0.0336589279828585
229 0.0696884630075729
230 0.119852073977683
231 0.276297862197121
232 0.0190637810916328
233 0.086015226625185
234 0.0861527058154974
235 0.0437188177785695
236 0.120174666647195
237 0.10412919682932
238 0.0364108281116309
239 0.00500081783428818
240 0.107265779034961
241 0.0123087853924497
242 0.00287806638999477
243 0.302340952493367
244 0.0246779042005674
245 0.0261152461427994
246 0.00796339153640124
247 0.13531695459745
248 0.139880081912856
249 0.115183332586436
250 0.0973492317862439
251 0.157149221847417
252 0.0851081038583388
253 0.161407711050665
254 0.0689398368082892
255 0.0418087044474835
256 0.0122352880339571
257 0.123588551309017
258 0.0253459649520491
259 0.0313118021908063
260 0.0399465149955138
261 0.0124147517563369
262 0.0765573064826017
263 0.0100355597816502
264 0.0167204437795259
265 0.0118043199396025
266 0.0296788042879381
267 0.0756045789981177
268 0.12185756781224
269 0.0664284222209361
270 0.0661496730928777
271 0.0407640718211026
272 0.00813373969063091
273 0.152714177326273
274 0.0935603752356373
275 0.0237897084662424
276 0.0150003213317951
277 0.0185433006175568
278 0.136034776281553
279 0.0619410570736836
280 0.0299056051165256
281 0.0699102216818792
282 0.0330977852043572
283 0.00478706264411466
284 0.0295692547025812
285 0.0238417955467796
286 0.048324789326823
287 0.180679244667475
288 0.0359028761738305
289 0.074681563728022
290 0.0844879861982659
291 0.123199476336513
292 0.0460145245841099
293 0.153772793217535
294 0.00684862676590114
295 0.00305102232312882
296 0.0170315632285543
297 0.0658970436374591
298 0.0466012817965367
299 0.120831986585253
300 0.072112595000521
301 0.0542307835444067
302 0.00462513780505791
303 0.00921101299051674
304 0.169479830414584
305 0.0997783051376997
306 0.018562707211808
307 0.0452899550287094
308 0.0105092825582669
309 0.141022566913673
310 0.022511683886711
311 0.15522438709963
312 0.0500742030121986
313 0.149953785321883
314 0.0721096677986646
315 0.0255061025084107
316 0.0708822338582027
317 0.00502133759685108
318 0.0537637189843898
319 0.0729735006454
320 0.0750923930291707
321 0.0773419265935202
322 0.00736857790677359
323 0.0297257263481807
324 0.122998790513776
325 0.123368519396561
326 0.110656532314133
327 0.0442263922864905
328 0.0646572773253111
329 0.0420624635077114
330 0.00531986020149855
331 0.0264585592271729
332 0.021526976890164
333 0.0880462255007575
334 0.0335437053885848
335 0.0970473478900393
336 0.00486908791738472
337 0.0172044545114494
338 0.0541173927229495
339 0.0599606105649317
340 0.0841053450907197
341 0.0164554261080854
342 0.0312966660008076
343 0.145793584494591
344 0.053457770974124
345 0.021222282103035
346 0.0311708694736792
347 0.0677406083278029
348 0.0377814808913746
349 0.0505414989931054
350 0.0891946143864031
351 0.124245199398253
352 0.0550221689341495
353 0.178202532907085
354 0.0506071901467342
355 0.0861659267948331
356 0.00754952411396204
357 0.00583820519404243
358 0.0277721392505912
359 0.0938279113111937
360 0.0155497863612943
361 0.0806977141584815
362 0.00804532569016914
363 0.198133959791461
364 0.0520194405670282
365 0.100397436002703
366 0.0558016923629783
367 0.0100391436651086
368 0.0615524188914143
369 0.0159364028324731
370 0.038931535866531
371 0.123887143274116
372 0.0306010264423322
373 0.191158646438358
374 0.158121489076404
375 0.117424215343381
376 0.0274279489692963
377 0.0359144848735027
378 0.102736802106253
379 0.0703948786534099
380 0.0296880271298616
381 0.0448390230396885
382 0.0818805345271638
383 0.105963185539395
384 0.0623908670857531
385 0.0272621335992587
386 0.0645804837976689
387 0.0121357416040113
388 0.0238062977926981
389 0.155485280761651
390 0.0203790435641742
391 0.0907482081726858
392 0.0144217176866439
393 0.0717478592997769
394 0.0176440712575667
395 0.0869776764765753
396 0.0342567625729426
397 0.0716421592379146
398 0.000978885692768383
399 0.0320308827612967
400 0.0386195606588688
401 0.0280397593669521
402 0.0902548424203671
403 0.0647230277048569
404 0.0572189898468669
405 0.0731435160468261
406 0.0643450200790534
407 0.0408096953989561
408 0.103060160537509
409 0.0863436920213831
410 0.00470490372332044
411 0.0291435114405107
412 0.0238244759444592
413 0.0426244528526039
414 0.0144232144766474
415 0.118672405535928
416 0.0780766755723281
417 0.0143199521693189
418 0.0228175751221968
419 0.0356779310503819
420 0.00627825781272451
421 0.0607305121773529
422 0.000186465422980842
423 0.105081235957522
424 0.0828466446762897
425 0.0156158104742961
426 0.128460648580034
427 0.0787954817358156
428 0.0247691306210958
429 0.0655986797525117
430 0.0505260276771144
431 0.00803214614292713
432 0.0591588279070607
433 0.0250504786983266
434 0.10278831936576
435 0.0523995608551089
436 0.0448021546658
437 0.0695287413353296
438 0.0625660584693559
439 0.0829402774028734
440 0.00955322039309436
441 0.0396606783475502
442 0.0223071551874634
443 0.0337395047207782
444 0.0745637094869642
445 0.221827724292456
446 0.0212728676264722
447 0.0180212972639859
448 0.0548953674380144
449 0.00709139505133871
450 0.0473277411032753
451 0.000767292054306701
452 0.163640278734551
453 0.0798007828381802
454 0.0640469026266128
455 0.0324802642706525
456 0.0334430396360745
457 0.0701964029767166
458 0.0263233763704869
459 0.00193647091196425
460 0.0866547446068116
461 0.0925162936125985
462 0.000395342246148456
463 0.00513351084038938
464 0.0553713746849165
465 0.0627749526060515
466 0.0122629398174556
467 0.0263695041928425
468 0.00800867004311989
469 0.061677380172497
470 0.00852327781350493
471 0.0222160091850618
472 0.0786335748468745
473 0.0408693699333407
474 0.0410418136607791
475 0.0589175315746022
476 0.00828979434004884
477 0.0188559349472293
478 0.0801375647075702
479 0.00194126539652917
480 0.0890026754154412
481 0.0288458306722674
482 0.0178955080962546
483 0.0117790971939273
484 0.0944865509152071
485 0.0206371536848988
486 0.014600261892451
487 0.0595743095612158
488 0.0990281732699141
489 0.0175000816230719
490 0.0118408202305531
491 0.0242802633134445
492 0.000628061350671949
493 0.0392099371206829
494 0.0724375020148949
495 0.0211270396963861
496 0.0264630690617524
497 0.0551915556386708
498 0.0133050044037129
499 0.0258354668526057
500 0.0936745543876762
501 0.00354712518905131
502 0.00698669806657293
503 0.039771058452271
504 0.0707435024417395
505 0.0138612493047945
506 0.0480186759128038
507 0.00966742746863591
508 0.0968608347134672
509 0.046843027906776
510 0.0607425396491537
511 0.0239770301557942
512 0.00205237107133271
513 0.0672837027698105
514 0.0742940071162259
515 0.0810781041648494
516 0.0543117363443373
517 0.0472480550693835
518 0.0996099470311806
519 0.0549470252740418
520 0.107354535007234
521 0.027201107495046
522 0.106742490919576
523 0.0589207503948068
524 0.0323696048518207
525 0.104257769511943
526 0.0189846506965932
527 0.0078750882335239
528 0.0479919734685619
529 0.0726896630183176
530 0.0672112181971545
531 0.0413172054509721
532 0.0390003315143121
533 0.0369672481637329
534 0.0651909529960513
535 0.0252246749371237
536 0.0524496678190642
537 0.0748770635381795
538 0.0784487366066591
539 0.000352749959628973
540 0.0591817165631032
541 0.0811302726580561
542 0.0274135218979108
543 0.0506227865154698
544 0.0732209296462973
545 0.0620694936989485
546 0.227271392751477
547 0.0878232825212963
548 0.0399147332256296
549 0.00938620858740524
550 0.0825108959092842
551 0.0186172609090587
552 0.096249506226092
553 0.0239130491421147
554 0.00786832641494062
555 0.0155995615898652
556 0.0392340380102247
557 0.0503800203324478
558 0.0475279696224815
559 0.0747153626199659
560 0.0410782329521733
561 0.0615151433599048
562 0.00728265192997402
563 0.0161066510798364
564 0.0137099137986443
565 0.0413226117907657
566 0.116187743076456
567 0.0834367637742934
568 0.0334247054023691
569 0.0320908622444795
570 0.0508015105144231
571 0.0568439404196881
572 0.0346840445867915
573 0.0674520684347861
574 0.0433769755878939
575 0.00869841745207367
576 0.0229365773203205
577 0.0912757657406713
578 0.0216063512448379
579 0.000211916517399047
580 0.0332550723350371
581 0.0148768268186683
582 0.00353959794308345
583 0.102661348774426
584 0.00205066300012646
585 0.049509034570058
586 0.0123182243777711
587 0.0166944425364961
588 0.0183635176701746
589 0.0610450039805177
590 0.0446205442483714
591 0.0504459502596415
592 0.0948434985580731
593 0.0236693940774861
594 0.076416169836464
595 0.000338960300515723
596 0.00168151955774754
597 0.0601574748520588
598 0.0329289121805645
599 0.0242297556724038
600 0.109710251155384
601 0.0301375928111351
602 0.0161492660397138
603 0.00813589169910722
604 0.128992836046624
605 0.0216737360534345
606 0.0465173436625945
607 0.0107925329458993
608 0.0498365382245964
609 0.00793932227970195
610 0.0661531219329641
611 0.0931618484258459
612 0.0185775575757758
613 0.000166086942840593
614 0.0602120445336758
615 0.103599783069146
616 0.00576755566091469
617 0.0159425190708666
618 0.0358866652466947
619 0.0450662099593875
620 0.0205442812152277
621 0.00494500306325207
622 0.0852172811916305
623 0.0775185500285724
624 0.105455106432385
625 0.0122708844743369
626 0.101073835603557
627 0.0389999219712331
628 0.00107827939349114
629 0.0732462751666727
630 0.03272356423019
631 0.0135452737220656
632 0.0796732213414946
633 0.0765262084431524
634 0.0580640500924661
635 0.077293543279628
636 0.0834539043271918
637 0.0295843684483112
638 0.0240907193254829
639 0.000202114561152822
640 0.063787934627872
641 0.0673739875534078
642 0.0739759448086614
643 0.0407056260038701
644 0.0325023135272184
645 0.000425386927964233
646 0.0317029423409831
647 0.0292638247616632
648 0.0627179818512373
649 0.0330181160706755
650 0.0313531163470944
651 0.00299769324047272
652 0.0102572047546832
653 0.0271343820989474
654 0.0223572443350442
655 0.081424065669832
656 0.00119040719922969
657 0.0517657068404747
658 0.0475675338135235
659 0.139867275829686
660 0.0251266316492216
661 0.00809665095002599
662 0.0333318270806209
663 0.0242095485192877
664 0.0363000122963566
665 0.0576033234019993
666 0.0565156087269321
667 0.030827960308363
668 0.0659657245693204
669 0.0570770194588994
670 0.0146267401305344
671 0.0211196657890511
672 0.0293097560512021
673 0.00426933814448871
674 0.036679361246883
675 0.0900892552538433
676 0.0520948241930399
677 0.0125808225652584
678 0.0858108439724834
679 0.0165884232563442
680 0.0726079926811893
681 0.005912855032562
682 0.0120957372791453
683 0.0507442067341302
684 0.043983761403307
685 0.0751974374731974
686 0.0148372203121911
687 0.00583308038762942
688 0.102929701221237
689 0.0242891558596385
690 0.0710904967996595
691 0.00510751872751669
692 0.0844730423162208
693 0.0162135003909665
694 0.0807121139059901
695 0.00349119500169826
696 0.0346952845713036
697 0.0262106962264745
698 0.0374256018266363
699 0.0267932840202025
700 0.00903234633895966
701 0.019363619154849
702 0.0428237358991423
703 0.0217283599754223
704 0.0240275026723835
705 0.0481607146178757
706 0.0208576274350816
707 0.0633588431768031
708 0.102985768199181
709 0.01080747192829
710 0.011834082259357
711 0.0320321359213227
712 0.0108689606755212
713 0.0563619084817382
714 0.067240424942439
715 0.0968005480383687
716 0.0162190312217771
717 0.0359565453122141
718 0.0220013271805217
719 0.0271096563648108
720 0.0978847718635005
721 0.0279678868329847
722 0.0281925766149347
723 0.108910824972638
724 0.0347902625097376
725 0.00739632203426765
726 0.00679557832911915
727 0.0171609333334519
728 0.0303163438209872
729 0.0636395366013329
730 0.0168950512338695
731 0.01870148006731
732 0.00227351575141554
733 0.040713011148283
734 0.0249139487717107
735 0.0298844682396724
736 0.0152013860515967
737 0.0484172182881459
738 0.042721977869856
739 0.04549671542958
740 0.0411233528569737
741 0.0581386396133725
742 0.0441755909289561
743 0.0269352727203205
744 0.0155905525748978
745 0.0659607522397527
746 0.0310917065266638
747 0.0563273925452394
748 0.0777388039872098
749 0.0343562446289698
750 0.165615869048508
751 0.0396414728108625
752 0.00504893803721629
753 0.0577350407072603
754 0.107963010027928
755 0.0297289512020953
756 0.066004390181885
757 0.0878833360519806
758 0.039521994021138
759 0.0153275400909823
760 0.0272196499120749
761 0.0604311714514916
762 0.0468501492692606
763 0.080521703037078
764 0.00660170974524643
765 0.05560684684274
766 0.0127892251853789
767 0.0396033223449255
768 0.13012540714347
769 0.0207156965977391
770 0.0302670523886324
771 0.0332457738384546
772 0.0107149772739645
773 0.0107987621815107
774 0.0190475528361485
775 0.0338521655260635
776 0.0824376351903604
777 0.00716924644663841
778 0.0361323581630066
779 0.0172964407676561
780 0.0209419663815229
781 0.0208217330435279
782 0.031323295586291
783 0.0470527856557177
784 0.0104351612275306
785 0.0333633563236351
786 0.00326640461112238
787 0.0333635356449844
788 0.014909840531645
789 0.0403817880703614
790 0.0387307027272175
791 0.0528968148893125
792 0.104782619470592
793 0.0234836864545831
794 0.0726664119908587
795 0.0238372932840578
796 0.000753493479604739
797 0.0161632449956222
798 0.0857300916197352
799 0.0220461511796484
800 0.0377136556899602
801 0.0186812243710519
802 0.0424381650749219
803 5.900044811602E-05
804 0.0496592350502576
805 0.0919980935351368
806 0.0289786412642608
807 0.0191639125041285
808 0.0481238234684391
809 0.005239737343675
810 0.0738884116381411
811 0.0205233754966589
812 0.0471203990478966
813 0.0262225871942121
814 0.0819868176414813
815 0.000445292994893265
816 0.0339436766022652
817 0.00830303275518007
818 0.0172707192481436
819 0.00443840671676421
820 0.0226016649547116
821 0.00124128376491939
822 0.0539007180615343
823 0.0107436206629101
824 0.0273718063263244
825 0.0124880116746078
826 0.0749955657829138
827 0.0036807967766288
828 0.00713722865693667
829 0.0340463259933856
830 0.0438995099132478
831 0.131294390543253
832 0.0395716093739704
833 0.0344680098423265
834 0.041499032460127
835 0.0269767530597149
836 0.00262522506510132
837 0.0199349047011368
838 0.000911669229886947
839 0.0289295251440582
840 0.10946919838274
841 0.0164095774892163
842 0.00807033204350072
843 0.0654331242349069
844 0.0176432481607085
845 0.0302455471347391
846 0.0109814786805726
847 0.0846949233539762
848 0.00564434604135799
849 0.0670403940918143
850 0.0387967961734716
851 0.0103548761602688
852 0.0408353065582823
853 0.0813655695263535
854 0.0449222340842232
855 0.100043530927106
856 0.0159004483222591
857 0.06648536208148
858 0.0663332295877823
859 0.0479618947843159
860 0.0573778600302854
861 0.0226617540662577
862 0.00333197478253888
863 0.0347510206852868
864 0.0522257183293724
865 0.0422248749940617
866 0.00133365118156625
867 0.0944247370949434
868 0.0601998846105141
869 0.045516388685201
870 0.0615290119646215
871 0.0582684457899494
872 0.0258476305859547
873 0.0298191153115304
874 0.0494795423515599
875 0.0387774112226462
876 0.00467000756394897
877 0.00205998589455625
878 0.0450407066037215
879 0.0105682530744309
880 0.0475147148640476
881 0.0438094089145533
882 0.0909500917899715
883 0.028543895539713
884 0.0430678229034211
885 0.00711741639268437
886 0.0507474882544687
887 0.0333201030287356
888 0.0422569398433126
889 0.0405786524843172
890 0.0526915451650449
891 0.0457771839617633
892 0.0512240176066014
893 0.0558781577054321
894 0.0464456430952684
895 0.0152284734789432
896 0.100498732387278
897 0.0861418420787614
898 0.0384195930266977
899 0.0290373514909175
900 0.033795391435937
901 0.060162147074728
902 0.00903855388767871
903 0.0213441984031997
904 0.0186756934715713
905 0.055842241111022
906 0.0354379867874224
907 0.0236869647093383
908 0.0671686298336245
909 0.00158699990724243
910 0.00351005763827716
911 0.0430818310618233
912 0.037452798229975
913 0.0469109024174363
914 0.0446970350558682
915 0.0392778809580108
916 0.0561546754405926
917 0.0033523458738296
918 0.0164443516123738
919 0.0221698267130725
920 0.0467451002784864
921 0.022632993401829
922 0.0361143317480952
923 0.0752744794587628
924 0.0565862914957238
925 0.0108779483631158
926 0.0200365953782589
927 0.0328306200597304
928 0.0326031324435863
929 0.00930146171238677
930 0.050461849972204
931 0.0276952100698873
932 0.0161638435710811
933 0.0628645539217976
934 0.00365924128947448
935 0.0110789647557699
936 0.0386737175656093
937 0.0937874373662426
938 0.00890311132439958
939 0.0379714449586492
940 0.0352735629176144
941 0.0886173163296733
942 0.0141708538791239
943 0.017507361685285
944 0.0196651546460354
945 0.00684841052322094
946 0.041857478143863
947 0.00401378783779061
948 0.00765376703939546
949 0.0417183321894505
950 0.0359410948673697
951 0.00138461555471814
952 0.00866353081738769
953 0.0609329075574809
954 0.00441324894747019
955 0.0192525968175676
956 0.030878371243559
957 0.00880956284806933
958 0.0921623147532133
959 0.0509297418858576
960 0.0315916044357749
961 0.0586828367393117
962 0.0457842427104214
963 0.0344230658383262
964 0.0440059244472031
965 0.0935788349922517
966 0.017697191928185
967 0.0372313118563472
968 0.0219449427305225
969 0.072610890882892
970 0.0135959897966433
971 0.043490116508802
972 0.0407503516990957
973 0.0473737050140732
974 0.0167262075780941
975 0.0506326490477726
976 0.00536312834782748
977 0.0719084813567821
978 0.0298974709886943
979 0.0233904208881714
980 0.0402138072149341
981 0.047930302429871
982 0.020271959817808
983 0.0775071728038217
984 0.0238144518336116
985 0.0160417941131445
986 0.0191864839669966
987 0.0330708769956654
988 0.0732267098345183
989 0.00370689979451688
990 0.0438951428885268
991 0.0183185391424669
992 0.0568479422645165
993 0.0144294261791678
994 0.0282133944629539
995 0.0273441802521854
996 0.0849270888388114
997 0.00536699645033245
998 0.0196642487605359
999 0.0111978427291102
1000 0.0254424526146848
1001 0.0255128076765638
1002 0.0380618371589287
1003 0.14358565249221
1004 0.044318721704399
1005 0.0374052920768952
1006 0.0552818120083107
1007 0.0515660602732813
1008 0.010688111595718
1009 0.00160437903746269
1010 0.0450287255659991
1011 0.045010567452707
1012 0.0726886970113387
1013 0.0099235295683906
1014 0.0239948849055094
1015 0.0186755264300511
1016 0.0126076441989742
1017 0.0440154832626796
1018 0.0118130712616211
1019 0.0146180109465281
1020 0.0023230045555076
1021 0.0453950974726505
1022 0.045851589221475
1023 0.0160096409017867
1024 0.0224027699497062
1025 0.0400732427642034
1026 0.0253653742213471
1027 0.087196860193699
1028 0.0986912866249696
1029 0.0253176260808567
1030 0.0363938744776484
1031 0.00221728019870682
1032 0.043322277175827
1033 0.0607893776877826
1034 0.00352966291823975
1035 0.00806473844667588
1036 0.0462766758526172
1037 0.042792668978012
1038 0.0335832286588409
1039 0.0147388202767362
1040 0.0367808358081185
1041 0.0358069742051272
1042 0.0336129424294391
1043 0.0505338048638571
1044 0.00554413217138983
1045 0.0115649739007582
1046 0.0207853812008492
1047 0.0298084990433343
1048 0.0235602458144748
1049 0.0115622945945466
1050 0.0031175825494425
1051 0.0395761050291208
1052 0.0290505829157319
1053 0.0502983980635352
1054 0.00276659630094933
1055 0.0381991156602557
1056 0.00655472364490706
1057 0.0900638517391066
1058 0.03496836449041
1059 0.0698080801319847
1060 0.0297259704168895
1061 0.0450915809416572
1062 0.014886414251809
1063 0.0268877496979858
1064 0.0679649122499604
1065 0.054210583795566
1066 0.0179933894342068
1067 0.017130397561405
1068 0.0358075452838151
1069 0.025261285855295
1070 0.0550768347815973
1071 0.0364604909649273
1072 0.00188910964121147
1073 0.0766760192771088
1074 0.0290209346200569
1075 0.0437030799696019
1076 0.000562495283800146
1077 0.00923727764511861
1078 0.0281793274393398
1079 0.106997617584123
1080 0.0484304557207298
1081 0.0652030732684756
1082 0.0163906241373106
1083 0.0422469308563098
1084 0.0153686725139748
1085 0.0175599961045645
1086 0.0335929382897104
1087 0.00143755379406585
1088 0.0019021130753103
1089 0.0340634773896022
1090 0.037865615875202
1091 0.0241110320017976
1092 0.0164452084199471
1093 0.0232616918628481
1094 0.0287317869449084
1095 0.0630228414279141
1096 0.0238038808474879
1097 0.00783908739146222
1098 0.00201450467851139
1099 0.05970501863063
1100 0.0213502964497372
1101 0.0462921551231945
1102 0.0205430525356243
1103 0.0263099861545428
1104 0.0409336726229292
1105 0.0613101915398637
1106 0.00610492436477994
1107 0.0223383323934656
1108 0.00303943067760581
1109 0.000487293848430603
1110 0.0175273817562784
1111 0.0138629675845148
1112 0.0258478969122682
1113 0.0635797516415004
1114 0.0146759554159206
1115 0.04454081143927
1116 0.0242217993259142
1117 0.130355788363707
1118 0.0281735233093867
1119 0.00674769912137396
1120 0.0347275844092914
1121 0.0322794478640365
1122 0.0463734554852042
1123 0.0823201648683374
1124 0.0112540931537417
1125 0.0172176615786426
1126 0.0733150954404147
1127 0.0188758571613938
1128 0.0630360791774165
1129 0.0477083810230172
1130 0.0392850628893671
1131 0.0109037039757394
1132 0.057956342501952
1133 0.0690755686860811
1134 0.0857975212364801
1135 0.0339089229453342
1136 0.00292801767033835
1137 0.00856592967917669
1138 0.00292655207170922
1139 0.0492006700290921
1140 0.0174297713236671
1141 0.0365610467587012
1142 0.0503200036745981
1143 0.0663020132287544
1144 0.00945004925278869
1145 0.00696706315824791
1146 0.00818324583566232
1147 0.0222781383785664
1148 0.0231597433509187
1149 0.0188861904814059
1150 0.0596581248750954
1151 0.0427897907897026
1152 0.0532318162303609
1153 0.00967598307084616
1154 0.00338702198362428
1155 0.0222840297989961
1156 0.0695993351548543
1157 0.0117333370606909
1158 0.0394508306413024
1159 0.0554801408234162
1160 0.0113913877878469
1161 0.0495952604053951
1162 0.0650088200192895
1163 0.0186793001101848
1164 0.0387962151755921
1165 0.00974986442189385
1166 0.0273159788789741
1167 0.0154431627575842
1168 0.0487415983792725
1169 0.0278601818685287
1170 0.00434358608562224
1171 0.0679473837218483
1172 0.0293026694049456
1173 0.00423950886305713
1174 0.0544407583147457
1175 0.0374094985865399
1176 0.00847731708103705
1177 0.0435531969126401
1178 0.043556958086326
1179 0.0406378275495753
1180 0.060312088034892
1181 0.0684849130089789
1182 0.0231637241559861
1183 0.00430681008185951
1184 0.0144658937649171
1185 0.0803360026341178
1186 0.0390093765130963
1187 0.0950295748174057
1188 0.00936246044954414
1189 0.0394398282058819
1190 0.0684915217914392
1191 0.0182298707669517
1192 0.0300135162084252
1193 0.026529734049304
1194 0.0830076349908215
1195 0.00189359753262686
1196 0.0163175397025572
1197 0.00205728843064223
1198 0.0513565207312907
1199 0.0696257853656554
1200 0.0110503873161205
1201 0.0125323608679277
1202 0.00912329737967932
1203 0.0627591322573839
1204 0.06483120625253
1205 0.00921762986489938
1206 0.0383118878734394
1207 0.0123936187848463
1208 0.0243508993755759
1209 0.00751939127281309
1210 0.00484570397311712
1211 0.0198069523494722
1212 0.0636476391046772
1213 0.0162770447328162
1214 0.0876617094970356
1215 0.0106215005444592
1216 0.00955420225066916
1217 0.074349385107483
1218 0.0406109160331707
1219 0.083390990696099
1220 0.0392356008192487
1221 0.0461186001742582
1222 0.0405142939521608
1223 0.0528734299177569
1224 0.0724014087142706
1225 0.00511770066401107
1226 0.00200971907423542
1227 0.0496652476741897
1228 0.0354574445745937
1229 0.0135575967856161
1230 0.0524355303777018
1231 0.0466172153103424
1232 0.00120275116267443
1233 0.0650031969204306
1234 0.0208356410108093
1235 0.0274059361131558
1236 0.0131707902390219
1237 0.00961333198859871
1238 0.126906351914486
1239 0.060830106297737
1240 0.0266191120986061
1241 0.00962617970968394
1242 0.07942050335489
1243 0.060167958333182
1244 0.0680776222825625
1245 0.00353142603026146
1246 0.0328182048108085
1247 0.0146602333348729
1248 0.0566882376797584
1249 0.0293907061642686
1250 0.0587338750090343
1251 0.000375660249542165
1252 8.91821177697594E-05
1253 0.000787356069883227
1254 0.0410237022061772
1255 0.0615063551802209
1256 0.0459133123220323
1257 0.052018927967858
1258 0.00620164368335763
1259 0.0463471920387888
1260 0.0145686735568522
1261 0.00723128666982786
1262 0.00199116780175013
1263 0.0420797392673808
1264 0.00358110369636666
1265 0.0446980144963791
1266 0.0186279048017099
1267 0.00125269397097272
1268 0.00814245191676521
1269 0.0407597601183225
1270 0.0175510192553392
1271 0.0172921499096477
1272 0.0271681235919075
1273 0.0128499204298751
1274 0.0775804337689419
1275 0.101799580078422
1276 0.0279414613434263
1277 0.00694341922769004
1278 0.00707165562516021
1279 0.0367991617863068
1280 0.0145675204800799
1281 0.0171310204142108
1282 0.0281489375621442
1283 0.00608110149149699
1284 0.000290652454193907
1285 0.0696792686510124
1286 0.00491532958364527
1287 0.0307921175625596
1288 0.000297108210172148
1289 0.0145085500808468
1290 0.0269934893285972
1291 0.0205711385171137
1292 0.022242362864322
1293 0.000537124472977712
1294 0.0255155563247942
1295 0.038785099834151
1296 0.00748115716479614
1297 0.0159881706751395
1298 0.0113732975705001
1299 0.026836631851114
1300 0.0601998288029884
1301 0.023218567558474
1302 0.0077016435619135
1303 0.0328330501411633
1304 0.0556166276956418
1305 0.0494975080946571
1306 0.0734521470258587
1307 0.00450866492956559
1308 0.0461102080640439
1309 0.0104113451041896
1310 0.0102331288865916
1311 0.00801685026880739
1312 0.00281605790363804
1313 0.00770615409429842
1314 0.0124547026664037
1315 0.0318282982420532
1316 0.0136334469331758
1317 0.02649706986033
1318 0.0347371063598971
1319 0.0200347311848259
1320 0.0305625719457017
1321 0.0707633938443188
1322 0.0100140276201
1323 0.00925052000297777
1324 0.0121749782920442
1325 0.0262230377619841
1326 0.01575757173415
1327 0.0539716267923511
1328 0.0129303557892224
1329 0.0529933549437951
1330 0.0132520131290006
1331 0.0394077697558948
1332 0.0284295670259356
1333 0.00912838274644079
1334 0.0141943824354582
1335 0.0138150254192859
1336 0.0144686830136171
1337 0.0392474232323989
1338 0.0192805685532913
1339 0.0199563300544647
1340 0.0268584183103657
1341 0.0327409359791799
1342 0.00242340763704529
1343 0.0169606506966162
1344 0.0214187155406651
1345 0.00181628622911667
1346 0.00361066235292951
1347 0.0217491922321065
1348 0.0453211315898683
1349 0.0334920995447732
1350 0.0236015581057396
1351 0.0301678133535939
1352 0.0197191025088252
1353 0.0211999564057965
1354 0.0383091892900045
1355 0.0711129790754574
1356 0.0685656530770626
1357 0.0148770282672204
1358 0.04929236149755
1359 0.0348346688973846
1360 0.0347861947966743
1361 0.0275235390950885
1362 0.0432210947444247
1363 0.0584802111613234
1364 0.0121981179275585
1365 0.0296680495868706
1366 0.0450205223284126
1367 0.012759142832067
1368 0.00576855624838579
1369 0.0500650647387495
1370 0.0005772806856843
1371 0.0918825251709112
1372 0.0325059332219548
1373 0.00254131411569247
1374 0.0221230657006632
1375 0.00729704712822743
1376 0.075444450563241
1377 0.0340231389377577
1378 0.0147820707953876
1379 0.0121251696013585
1380 0.0333330393491011
1381 0.024396840676737
1382 0.0060713289086185
1383 0.0341591052059873
1384 0.00481500456437978
1385 0.0216150282975858
1386 0.0407774002297696
1387 0.0347053149661503
1388 0.0226918979232043
1389 0.00103531992692885
1390 0.00198586258089684
1391 0.0380213894016741
1392 0.0151604245570294
1393 0.0227953089885098
1394 0.0138950485398115
1395 0.0331597800733339
1396 0.0563782162256299
1397 0.0107843307175903
1398 0.068349677161617
1399 0.0315815217223401
1400 0.00328264830382041
1401 0.0561501170233827
1402 0.00652362149223507
1403 0.00325792703688643
1404 0.0534235090373492
1405 0.0155750416527036
1406 0.0530678639814428
1407 0.0497587819024301
1408 0.020526355226949
1409 0.0433699662294988
1410 0.018842533341882
1411 0.0157370403848223
1412 0.0389792762574728
1413 0.0579157212336128
1414 0.0660052545045646
1415 0.0772862218643096
1416 0.0566389024076726
1417 0.00140357298076088
1418 0.0340873394276708
1419 0.0141961368644941
1420 0.00740917578544353
1421 0.0449591062909636
1422 0.0186398289741621
1423 0.071519591581465
1424 5.77100126952779E-05
1425 0.00639065390994986
1426 0.0265406939841299
1427 0.0450530346066205
1428 0.00304150181032403
1429 0.0863005512633404
1430 0.0286426669677904
1431 0.024619407838097
1432 0.032978575856609
1433 0.0430542548544386
1434 0.0527620324290674
1435 0.0365879062657699
1436 0.0611312780590891
1437 0.0548779525080842
1438 0.0430919275130819
1439 0.02917455867872
1440 0.00820756903722275
1441 0.0335005243320978
1442 0.00679801545425684
1443 0.0222416732285367
1444 0.0361453479603973
1445 0.0264943681863796
1446 0.0159487317431268
1447 0.0151942633759092
1448 0.0164253872854396
1449 0.0321498133208657
1450 0.0147516002667829
1451 0.00380077873713702
1452 0.0289687938135987
1453 0.00935562154566361
1454 0.0225845890626499
1455 0.0502463835651517
1456 0.0181660479258063
1457 0.0132156876141005
1458 0.0340757352351355
1459 0.0165306627394441
1460 0.00298821958697859
1461 0.0213300385070552
1462 0.023081849667419
1463 0.0129908848675324
1464 0.0040990592647896
1465 0.045416987169923
1466 0.0367689526772517
1467 0.0191111444425189
1468 0.0165220842622764
1469 0.0299991025139552
1470 0.0153247734216606
1471 0.00653183672213675
1472 0.0523298570629707
1473 0.00767563496151435
1474 0.0489814989948147
1475 0.0454422432386434
1476 0.0317899876464613
1477 0.0228074320782774
1478 0.0279437402063376
1479 0.0240971651873361
1480 0.015988513156266
1481 0.0303801799565351
1482 0.0552155858092882
1483 0.0250837022049692
1484 0.0019986555229945
1485 0.0110753033039073
1486 0.0193738662642566
1487 0.024951310756324
1488 0.054816734331355
1489 0.0437677542971793
1490 0.0476691145353012
1491 0.00294343710327727
1492 0.0241095451184257
1493 0.0109521443516782
1494 0.0567368533476063
1495 0.0749731985338791
1496 0.00806439555067318
1497 0.00286391981627832
1498 0.0302552222800414
1499 0.01094740368762
1500 0.0497398502021626
1501 0.0182092764384061
1502 0.00137213586937435
1503 0.0328526247959617
1504 0.00991837933833617
1505 0.0517466350188402
1506 0.0239665932205635
1507 0.00847732528121004
1508 0.00241622987167256
1509 0.0162529821629542
1510 0.0138512109235185
1511 0.0370011785912099
1512 0.00932542257951274
1513 0.00812535586947183
1514 0.037354193161542
1515 0.0320804632359701
1516 0.0297080930663283
1517 0.0604737419232153
1518 0.0567784121238946
1519 0.0359565444475343
1520 0.00351718738085571
1521 0.0183806217022755
1522 0.033953563662501
1523 0.00184306176234594
1524 0.0443195367353288
1525 0.0357307314247
1526 0.0172907807111606
1527 0.0040867220888372
1528 0.049028430416663
1529 0.0478282348175192
1530 0.0237154185457689
1531 0.0182349595753619
1532 0.0449852291143928
1533 0.0320315915199836
1534 0.0189347151157988
1535 0.0293734987537917
1536 0.0111227263179887
1537 0.00321624962226075
1538 0.0402356977581806
1539 0.0501906683860254
1540 0.118804326538786
1541 0.00728709273028061
1542 0.0140219464069773
1543 0.0273562448307385
1544 0.0257362417141174
1545 0.0367885220733464
1546 0.00315757341087375
1547 0.0100553566432771
1548 0.0382958711807699
1549 0.0631497589839869
1550 0.00856197100694844
1551 0.0449193504657686
1552 0.0213175451340493
1553 0.0869428990666945
1554 0.101402592493031
1555 0.00968937279364424
1556 0.00770084387604264
1557 0.0111559017409237
1558 0.0216450379993769
1559 0.0278035321158105
1560 0.00969085276794779
1561 0.00825459076172796
1562 0.0205198241209277
1563 0.00600938630425851
1564 0.0127046383794336
1565 0.00679437213864009
1566 0.00875251149349854
1567 0.00619925909898544
1568 0.0139322961487296
1569 0.0130656995312557
1570 0.0575745611778604
1571 0.0205691683630813
1572 0.0895016711906842
1573 0.00964549313472496
1574 0.0435860815820086
1575 0.0113249269256834
1576 0.0296868486951145
1577 0.0277910802199632
1578 0.0134720427076171
1579 0.010881561226519
1580 0.0055036241269768
1581 0.0138441230503865
1582 0.083090475305974
1583 0.0153701031754436
1584 0.000727416204033382
1585 0.0629341881483225
1586 0.0248786484715797
1587 0.026567458807381
1588 0.0170036293294653
1589 0.00113233319563921
1590 0.0368290871520864
1591 0.00211073970324049
1592 0.00825048016600816
1593 0.0191023755908954
1594 0.0103873354496762
1595 0.00246819267377685
1596 0.0883660131501389
1597 0.046969601245018
1598 0.0257752291174058
1599 0.00785925249237218
1600 0.0216942680739334
1601 0.0568705424489009
1602 0.00319303253638115
1603 0.0310132762505253
1604 0.0259794198064411
1605 0.0124433015133572
1606 0.00209161374296007
1607 0.00872046202927912
1608 0.00238846957777161
1609 0.000453697460232494
1610 0.0334259248009303
1611 0.0193495758456894
1612 0.0834731067789223
1613 0.00249673081551149
1614 0.0132989821852139
1615 0.00153374946699936
1616 0.0151853803757294
1617 0.0383711801830602
1618 0.076385825915442
1619 0.0186876281628874
1620 0.0319209389645883
1621 0.0248220221728355
1622 0.0305780485611913
1623 0.0229306752459593
1624 0.0625094117757752
1625 0.0149163561867658
1626 0.0478670355544297
1627 0.00591770829655092
1628 0.0485102565832953
1629 0.0129879260626664
1630 0.0519864153589271
1631 0.0446678068948079
1632 0.00600262864564982
1633 0.0375489983650219
1634 0.0307787446645413
1635 0.0314983550473702
1636 0.00411974916174307
1637 0.00101517956112884
1638 0.0398296297009382
1639 0.0127877428616028
1640 0.0479742274030786
1641 0.0376089062167706
1642 0.00369333354822388
1643 0.00613785371567266
1644 0.0222300954102121
1645 0.00716735020334358
1646 0.0264820741734999
1647 0.00853289935624213
1648 0.0353172668492432
1649 0.0220321823560923
1650 0.044208418295252
1651 0.0784470625935665
1652 0.012136923206103
1653 0.0358310318207851
1654 0.0312384843324849
1655 0.0295633932934471
1656 0.0167250057850166
1657 0.00527373758441962
1658 0.0368500830440288
1659 0.0208251531224355
1660 0.0301954265723405
1661 0.0315166627102226
1662 0.0915403761290028
1663 0.0349313645684024
1664 0.00086718632062821
1665 0.00323866866953759
1666 0.022761570986976
1667 0.0137281477772895
1668 0.0088851695904939
1669 0.0095359504855268
1670 0.0611374968221847
1671 0.00605878832439721
1672 0.00339624148613948
1673 0.0271719399360237
1674 0.00589590865348111
1675 0.0393904455045524
1676 0.0544271229158246
1677 0.0490064712431173
1678 0.00964839913284665
1679 0.0261629325383725
1680 0.0324587681850148
1681 0.027576629256981
1682 0.0580513271947134
1683 0.0155007590215779
1684 0.0182693637264002
1685 0.0460536016788642
1686 0.040426983834867
1687 0.00301773974965469
1688 0.0229798285194929
1689 0.0186058974802386
1690 0.0203971654914104
1691 0.00512490288622569
1692 0.000635336363538297
1693 0.0713047669513012
1694 0.0173250666044114
1695 0.0125927553373666
1696 0.0448679661255706
1697 0.0232059015340011
1698 0.0255385424887655
1699 0.0203310698915007
1700 0.0139856251118964
1701 0.0416797355039242
1702 0.0189908490772344
1703 0.0240786714067966
1704 0.00437250027689062
1705 0.00395304140589658
1706 0.00307955362171031
1707 0.0205645887436985
1708 0.0445749953130123
1709 0.0287954352182527
1710 0.0111028181437325
1711 0.0188166456501322
1712 0.0468938567495063
1713 0.0475727811917488
1714 0.0267347679122971
1715 0.023374000810267
1716 0.012962439884042
1717 0.0181244161747216
1718 0.0107238910723586
1719 0.0357708286778915
1720 0.0105355974946115
1721 0.00266678336459369
1722 0.0198146366074963
1723 0.00747937310082047
1724 0.00437233935404002
1725 0.034486344496512
1726 0.00629081640418683
1727 0.00515170222290262
1728 0.0343479643882931
1729 0.0354261766005686
1730 0.0205335687996815
1731 0.0512694707390313
1732 0.0147680045785346
1733 0.0308633157285727
1734 0.0323226270100774
1735 0.0545765200098969
1736 0.0354195854724959
1737 0.0133420516215748
1738 0.012895415051041
1739 0.0221982922623796
1740 0.0336385686520333
1741 0.00299152618316478
1742 0.00115029316842064
1743 0.00238469249700524
1744 0.0383259162467948
1745 0.0399571729293169
1746 0.054080465362877
1747 0.0194547799547999
1748 0.0175375810636669
1749 0.042652304642147
1750 0.0441494156722788
1751 0.0463044104891903
1752 0.0410078654320949
1753 0.0437607796985939
1754 0.0454545580382173
1755 0.0310090954167563
1756 0.0261037061610363
1757 0.00439630919908041
1758 0.00560088228100897
1759 0.00430374379816545
1760 0.0396280383050649
1761 0.0074718090017134
1762 0.00262704578824247
1763 0.028569718560334
1764 0.00312283107826383
1765 0.020918923285608
1766 0.0245019572115015
1767 0.0165981655042784
1768 0.0620459935574185
1769 0.0449818391859877
1770 0.0790729975199915
1771 0.00162577106726269
1772 0.0307621650881771
1773 0.0150521333608546
1774 0.0184953617592205
1775 0.00106077715098696
1776 0.00638822995248045
1777 0.0381110745516131
1778 0.0103559785276874
1779 0.0190456624896052
1780 0.00714963590346462
1781 0.0235453107355346
1782 0.00048280892599939
1783 0.0312619718016367
1784 0.021182221691928
1785 0.0223984499064596
1786 0.0128387055060939
1787 0.0730705509545073
1788 0.0156250929369892
1789 0.0671516705457149
1790 0.0346012319578355
1791 0.010157365304214
1792 0.0106134935405606
1793 0.048438269786149
1794 0.0230370840515719
1795 0.00171877639663487
1796 0.00359608713645398
1797 0.031780315894729
1798 0.0166698314295761
1799 0.026012001593299
1800 0.00518539451180988
1801 0.0100923278592457
1802 0.0222142192592036
1803 0.0137184942326045
1804 0.0318681614276977
1805 0.020835983839528
1806 0.051037207363533
1807 0.0273942420077935
1808 0.0611721274619796
1809 0.039292804911053
1810 0.00794595477140536
1811 0.0314922362653678
1812 0.0437758664225028
1813 0.0248355123069293
1814 0.00517980986013322
1815 0.036930246323053
1816 0.00506853207766467
1817 0.0170179780127202
1818 0.00777668153690003
1819 0.0219625887496848
1820 0.0563392490704513
1821 0.0292444768672522
1822 0.0331836277831794
1823 0.0426658875018977
1824 0.00339090911798667
1825 0.023679837868944
1826 0.00515059582118349
1827 0.0265289103116859
1828 0.00978407371614809
1829 0.0302972572071591
1830 0.033988769721923
1831 0.00569485315681373
1832 0.0320719187473553
1833 0.00217704819283959
1834 0.0428999838447126
1835 0.00445158830287351
1836 0.0534847223008876
1837 0.0073929354021236
1838 0.00457749697984378
1839 0.00822376694280225
1840 0.0225104445909809
1841 0.00408140326660611
1842 0.0615475033427622
1843 0.0483317612259371
1844 0.0311030188637442
1845 0.0159488120034497
1846 0.0300533136002405
1847 0.0297487976490989
1848 0.000347774648883359
1849 0.0349494238993113
1850 0.00385436494067859
1851 0.00524111566131591
1852 0.00186193218592701
1853 0.0137207529735877
1854 0.0502176919631663
1855 0.0158721860188629
1856 0.00171840914184385
1857 0.0241004898029447
1858 0.0131137036129401
1859 0.0375252453066497
1860 0.00804992333792898
1861 0.029465835295754
1862 0.0180304641764537
1863 0.0267084704826859
1864 0.0277291970331559
1865 0.0561605820357984
1866 0.0145595482216141
1867 0.0185356503800644
1868 0.0203904395456336
1869 0.00285793640426535
1870 0.0258873314494741
1871 0.0502105631801926
1872 0.00543791999831189
1873 0.0335748486260323
1874 0.060912285799581
1875 0.0140730128785145
1876 0.0187044817663486
1877 0.0161670834563097
1878 0.0505252222049144
1879 0.0381209597757941
1880 0.0204672499842173
1881 0.0144330742610399
1882 0.00645677850320059
1883 0.01099565120811
1884 0.0130555043466325
1885 0.0115269687108235
1886 0.0137928165002741
1887 0.0331710495150324
1888 0.00171573523045643
1889 0.00269662377308366
1890 0.0311902344169726
1891 0.0242633610880083
1892 0.0048644748117268
1893 0.000438344418767223
1894 0.0182488074631846
1895 0.0327660869574955
1896 0.0449023712851311
1897 0.00428232177047239
1898 0.00354346010260054
1899 0.0310620397604855
1900 0.0472198342779131
1901 0.00957212748751868
1902 0.0274734994708861
1903 0.0142024072260298
1904 0.0106687162227708
1905 0.000685952660600453
1906 0.0155981545323471
1907 0.012921000162927
1908 0.0219808361457665
1909 0.0158955528382028
1910 0.0210616441240021
1911 0.0411449416911687
1912 0.00250135912963678
1913 0.0360802211718854
1914 0.0348228304815792
1915 0.0106240475778372
1916 0.0150448550328246
1917 0.00674819084148837
1918 0.0552295745218077
1919 0.0196949223857219
1920 0.0151110668567802
1921 0.00643600981562376
1922 0.00850608287881727
1923 0.00545927439110727
1924 0.0112661082464234
1925 0.0238798846281312
1926 0.0290827271245466
1927 0.0651408885922375
1928 0.0160217429147349
1929 0.0460677200903947
1930 0.0199155877899062
1931 0.00952366819368988
1932 0.00592286484505333
1933 0.0416190690679596
1934 0.0298579651869622
1935 0.00434690081705424
1936 0.0031356702893115
1937 0.0693398646407202
1938 0.0189724180383184
1939 0.0393737317310654
1940 0.0277939126979021
1941 0.027832105795758
1942 0.0309903607195365
1943 0.00515375477030755
1944 0.0167758753312404
1945 0.00811796956081645
1946 0.0489375672816377
1947 0.0156640341472594
1948 0.0439123140611697
1949 0.0187454939285354
1950 0.0570728270311656
1951 0.0175393595141307
1952 0.00608637314939164
1953 0.0377982979050033
1954 0.0679401093794922
1955 0.0260089756366084
1956 0.0508445644487794
1957 0.00337928578970859
1958 0.0655131503773965
1959 0.0382542618860935
1960 0.0189100033412992
1961 0.0081906990138072
1962 0.00716524924763773
1963 0.0593058654740921
1964 0.0278754335534797
1965 0.0481805600063874
1966 0.0272968797630075
1967 0.00854331801034292
1968 0.0284516140914715
1969 0.0373946703412353
1970 0.000691969389507996
1971 0.00222119904877216
1972 0.0828899861087171
1973 0.0134563834355252
1974 0.0248879125816779
1975 0.0248306323227925
1976 0.00556439246350671
1977 0.0220692888823155
1978 0.0290975798635253
1979 0.037257178417494
1980 0.00712150924684929
1981 0.0260207023899208
1982 0.0357492124132008
1983 0.00447936763331969
1984 0.0242069925740585
1985 0.0335950178134223
1986 0.0303034289066004
1987 0.00904378351120538
1988 0.0361579240161007
1989 0.021240256896883
1990 0.00543561336952969
1991 0.0294278682209148
1992 0.0317907589712418
1993 0.00699534030358784
1994 0.0284679581103799
1995 0.0110541680189029
1996 0.0268635599555553
1997 0.0536448257268067
1998 0.0584930888646435
1999 0.018778118755018
2000 0.0367729144464475
2001 0.016303163415353
2002 0.0344175943507903
2003 0.0197137517110524
2004 0.0775542825399835
2005 0.0369486494447591
2006 0.00372361809627897
2007 0.0447932639081707
2008 0.0390550667221818
2009 0.0241388965778198
2010 0.037457209220856
2011 0.00532364441307243
2012 0.024571867122424
2013 0.0244831593925547
2014 0.00296269624472201
2015 0.017100120550908
2016 0.0026126452304327
2017 0.0231771493674047
2018 0.016879122209422
2019 0.0398737980593373
2020 0.0186366345386646
2021 0.0308900387575002
2022 0.049247969705235
2023 0.0398755695218247
2024 0.0201425911271538
2025 0.0439884545211813
2026 0.0193284813286181
2027 0.0476400176999241
2028 0.0565643166428527
2029 0.0215245772414292
2030 0.00521807541699815
2031 0.0357135349909909
2032 0.0270862022685887
2033 0.00315467448700479
2034 0.0115189366406265
2035 0.00252823833791949
2036 0.016924527846053
2037 0.0249862270692867
2038 0.0184755234675751
2039 0.0215542972067659
2040 0.0127417337917723
2041 0.0271875155328432
2042 0.0404733722830262
2043 0.0422752092013159
2044 0.0481608471462471
2045 0.00328975502629758
2046 0.0282313367558986
2047 0.0495691747955416
2048 0.01889099897158
2049 0.0442571011164485
2050 0.0499117790548258
2051 0.00757655878608254
2052 0.00365559702778739
2053 0.0651782996845514
2054 0.0288915986751141
2055 0.013602889322438
2056 0.0296819440223866
2057 0.00260491061850532
2058 0.008829690829534
2059 0.0227354374381679
2060 0.0368415961090029
2061 0.0191018301397188
2062 0.00313841803670956
2063 0.0180549497720857
2064 0.0202697713085214
2065 0.000391134145007133
2066 0.032803501459568
2067 0.111763872037534
2068 0.00468873232825029
2069 0.00596014585225113
2070 0.0288526548905543
2071 0.0331105088222636
2072 0.0256492213176021
2073 0.0150204128307747
2074 0.00901974054262222
2075 0.0241070172708104
2076 0.0619492145896894
2077 0.0163870428041895
2078 0.0131390415787918
2079 0.0088913977258005
2080 0.0201332261298237
2081 0.0210226499448267
2082 0.0338495165501893
2083 0.0341232815708166
2084 0.025451257369427
2085 0.0314277670542382
2086 0.00678361080752143
2087 0.00170203671901126
2088 0.027756900378189
2089 0.0338482394630897
2090 0.0296010777777513
2091 0.00991541523198691
2092 0.0361674671985801
2093 0.0144380670622257
2094 0.0351527329962869
2095 0.0539803721458019
2096 0.0197870147962038
2097 0.0495128189860332
2098 0.00297000483703691
2099 0.00991932310154731
2100 0.0241581369975625
2101 0.0409628338568426
2102 0.0390192898922161
2103 0.0351242534438736
2104 0.00588624582263098
2105 0.0158772008861372
2106 0.0248475678335183
2107 0.0303079361316643
2108 0.0394351184477606
2109 0.0183075456314894
2110 0.0432238225577803
2111 0.0205709969622299
2112 0.0387272119517892
2113 0.064945209834895
2114 0.0235043428956532
2115 0.0116499411673079
2116 0.0103951956252031
2117 0.0292229717004235
2118 0.0201513767483834
2119 0.023755732163973
2120 0.04870966943608
2121 0.043996767863534
2122 0.00902097424684989
2123 0.0166080995984412
2124 0.0243406337166605
2125 0.0660851844026529
2126 0.0399837470363407
2127 0.0136812289809982
2128 0.00791472737628141
2129 0.00648287742852771
2130 0.0337448391579969
2131 0.0241652862434636
2132 0.0413947645912529
2133 0.0599650348105176
2134 0.00671235447828078
2135 0.0180600516500684
2136 0.0029399827136336
2137 0.0127850053461009
2138 0.0285823161312031
2139 0.0208096435061713
2140 0.0252313080328959
2141 0.00251496039619337
2142 0.0319878006320979
2143 0.0223780502204884
2144 0.016872035623821
2145 0.00508876289570237
2146 0.00757293792188474
2147 0.0149715272577842
2148 0.0360591518390998
2149 0.0131024585407968
2150 0.0321420982438778
2151 0.0218512917259717
2152 0.00731249725813843
2153 0.0437980982729855
2154 0.0188757113962277
2155 0.0340335181425724
2156 0.0141840435849669
2157 0.0301391984676753
2158 0.00599460386103168
2159 0.0406872147537434
2160 0.0032836543525212
2161 0.0446329090823556
2162 0.0212314538742597
2163 0.0247282961716593
2164 0.00370092215150786
2165 0.00991647795053829
2166 0.0571404175906585
2167 0.00920378757172191
2168 0.00703453993698488
2169 0.0430201169914795
2170 0.0164791603997463
2171 0.056649071333017
2172 0.0426334435687274
2173 0.0287175407373201
2174 0.00142132747473989
2175 0.0191882243688828
2176 0.0318672187552238
2177 0.0416810321011956
2178 0.0364195075831257
2179 0.0343942758257247
2180 0.043330405742561
2181 0.0142293053366003
2182 0.00615425533408409
2183 0.0167315459858326
2184 0.0566531240350847
2185 0.0331994727897702
2186 0.0122804796856268
2187 0.000221551100457074
2188 0.011424932548683
2189 0.0354182452904923
2190 0.0109400514515485
2191 0.00702674324554931
2192 0.00324919351448782
2193 0.0226203624922579
2194 0.0600091567661676
2195 0.0115117870732075
2196 0.0452607937777652
2197 0.0148400441254046
2198 0.000905786450069446
2199 0.0282750442437969
2200 0.0243564821858913
2201 0.000275326695687195
2202 0.0151008049470742
2203 0.0136023703212556
2204 0.011087210166298
2205 0.00423578977640648
2206 0.0114440629784731
2207 0.0430631340838761
2208 0.0112610003485707
2209 0.02815202133436
2210 0.0180645417913219
2211 0.0341643908170113
2212 0.0470350316255943
2213 0.0394412963645387
2214 0.0459424615017068
2215 0.0247871628220695
2216 0.0249481533909872
2217 0.00942719341119247
2218 0.0243660854540688
2219 0.0210172011097596
2220 9.85817345542372E-05
2221 0.024180741692633
2222 0.00481593102133804
2223 0.0267836885112684
2224 0.0226677633561327
2225 0.00735544952088141
2226 0.0223657721786941
2227 0.0331494535614802
2228 0.0213441724895911
2229 0.0157724304416096
2230 0.0373126181759145
2231 0.00656814292708008
2232 0.0312093467775747
2233 0.0416752988319504
2234 0.0237627660940998
2235 0.0308350641884583
2236 0.026148207675043
2237 0.00430779118594948
2238 0.00116096517559683
2239 0.0317985538410785
2240 0.0232454030588292
2241 0.00161341461515274
2242 0.0190683380033132
2243 0.0451343381696168
2244 0.000867109266079691
2245 0.011584091064996
2246 0.0198176209126912
2247 0.0211380117160611
2248 0.0174470146977779
2249 0.0287714308019278
2250 0.00533399501465404
2251 0.00748590546092753
2252 0.00312201153379332
2253 0.0368789355826111
2254 0.0122208104831953
2255 0.042960392832692
2256 0.0201511784288479
2257 0.0301794278976093
2258 0.00494860016770593
2259 0.000546960008436681
2260 0.0275131464265894
2261 0.00776886332600535
2262 0.0661479004850603
2263 0.0183171620214662
2264 0.0273554537502529
2265 0.0160545617222629
2266 0.0330447877815248
2267 0.0236471674918439
2268 0.0258081979622284
2269 0.00297594292437164
2270 0.0150861915664149
2271 0.00973260846820478
2272 0.0377831066954593
2273 0.018665125753099
2274 0.05846976003847
2275 0.014836389582876
2276 0.0238978686448728
2277 0.0663633399273453
2278 0.0171920432787136
2279 0.0465813531061379
2280 0.0182895022224683
2281 0.00602350173971589
2282 0.0460987060777294
2283 0.0389785067003854
2284 0.00375018618397904
2285 0.0578748955169726
2286 0.0167341009238795
2287 0.00555645348261002
2288 0.00123032902131959
2289 0.00523549968805304
2290 0.0294477159243489
2291 0.0173837600644662
2292 0.031836014776264
2293 0.00800309931993715
2294 0.0636632749564221
2295 0.020054959932049
2296 0.0114587885555566
2297 0.0165799601169274
2298 0.0877883534885142
2299 0.00672544371987183
2300 0.00425928774249096
2301 0.0574346049682064
2302 0.0234050506744774
2303 0.0438169975552087
2304 0.00571992350550143
2305 0.00402860198788968
2306 0.0165151769597545
2307 0.0146943195450038
2308 0.0309081992434046
2309 0.06101061380877
2310 0.0129609090187985
2311 0.0049218043853636
2312 0.0197248856842349
2313 0.00936907920295971
2314 0.0179492674874679
2315 0.0179180233724554
2316 0.0374502390309273
2317 0.0513047140218692
2318 0.035141133608112
2319 0.00468467149741114
2320 0.0212649897553923
2321 0.0182706104184063
2322 0.0272414899296218
2323 0.00359879049537071
2324 0.0202885383953264
2325 0.0233924244506856
2326 0.00949810793932038
2327 0.0174616943287744
2328 0.0277405239061825
2329 0.00198242436394525
2330 0.0138813780614782
2331 0.0244762657935316
2332 0.00990377583077295
2333 0.00522716266598344
2334 0.0502128068664409
2335 0.0421609412030208
2336 0.0195272991014335
2337 0.0399774617795097
2338 0.00642453860892589
2339 0.00645187878482689
2340 0.0257399025842076
2341 0.0334654829049121
2342 0.0110116793673054
2343 0.00470047162848797
2344 0.036087820839215
2345 0.0413956878042199
2346 0.015259073507953
2347 0.0642948872866582
2348 0.0004557634420852
2349 0.026550058388906
2350 0.0132340941090048
2351 0.0038097240065369
2352 0.0111705067822498
2353 0.0164723576157217
2354 0.0109512396378584
2355 0.0275523510760287
2356 0.00245735967572047
2357 0.0801435729111399
2358 0.0232295057721101
2359 0.00822006756498794
2360 0.0102702218707953
2361 0.0120793310750464
2362 0.00228250578475153
2363 0.0518640177048182
2364 0.0543389351269536
2365 0.00604401571809321
2366 0.0193352955726449
2367 0.0294291080019589
2368 0.00315487659157476
2369 0.0145657796409533
2370 0.028865955875331
2371 0.0253324041026173
2372 0.00431267119898537
2373 0.017216597385652
2374 0.051223400094111
2375 0.0150528754287542
2376 0.013278165381577
2377 0.0184239654747294
2378 0.0622966796600504
2379 0.0242392248203394
2380 0.00929392562690179
2381 0.0129451304259587
2382 0.0159543257069021
2383 0.0255069959814715
2384 0.028159880691105
2385 0.0170640613451787
2386 0.0453650199501414
2387 0.022394536935666
2388 0.00586798123924304
2389 0.0269131129278866
2390 0.00763523842362002
2391 0.00232859887730941
2392 0.0561416531600178
2393 0.000632566965034442
2394 0.022173943072537
2395 0.00855283332617374
2396 0.00465509836616995
2397 0.0592546754929142
2398 0.0060943873761552
2399 0.0156991551492895
2400 0.0152826110740856
2401 0.00367233475207218
2402 0.00240889448284776
2403 0.0354787366165188
2404 0.0300691064183689
2405 0.0235702480371587
2406 0.0307107620085931
2407 0.0257465395711902
2408 0.0348856093489549
2409 0.0197590491288997
2410 0.0326155514916344
2411 0.0207466465102395
2412 0.00248871575613618
2413 0.0066430749968851
2414 0.0384816293539805
2415 0.0124649721029466
2416 0.0215402424410667
2417 0.0192864128900498
2418 0.0954923497635096
2419 0.0207304508327431
2420 0.0627342887849802
2421 0.0357153291051215
2422 0.0187569433247878
2423 0.000310567399211426
2424 0.010331293510407
2425 0.0242366075928326
2426 0.00118572251363069
2427 0.0100159043383328
2428 0.0441140159215969
2429 0.000893357169874598
2430 0.00101256320430032
2431 0.0232633814397931
2432 0.0184930726989085
2433 0.0202657821122534
2434 0.0178356608472798
2435 0.0401088887377301
2436 0.0104616473781798
2437 0.019242972711548
2438 0.0212713623759644
2439 0.0253800038744911
2440 0.0273284239090792
2441 0.0335479879703979
2442 0.0392621920122513
2443 0.00849758904196296
2444 0.0028460078341177
2445 0.0107782929888582
2446 0.0102830026582637
2447 0.0137488337536151
2448 0.0247864177736368
2449 0.00784700007050043
2450 0.0183275376513374
2451 0.00674074537898228
2452 0.00793797375537286
2453 0.0270282188970654
2454 0.0343154894446371
2455 0.0208611721182055
2456 0.0116051651808124
2457 0.0450532349703145
2458 0.0403239600883722
2459 0.0107608474242471
2460 0.0249180047708553
2461 0.0136492189487432
2462 0.0278395565998735
2463 0.0633036662322968
2464 0.0415104689320063
2465 0.0212977453713927
2466 0.0205496440964175
2467 0.0154998356074336
2468 0.047463734159602
2469 0.00679758004341657
2470 0.00181825659330848
2471 0.0074081256825802
2472 0.0328505512486141
2473 0.0191573871312398
2474 0.00204661996893751
2475 0.00793611278455852
2476 0.0112935110818415
2477 0.000985610474594445
2478 0.0146750734795384
2479 0.00695394933337345
2480 0.00826924370982729
2481 0.00708774304440274
2482 0.0115771857980409
2483 0.0154065054969568
2484 0.0487515543688009
2485 0.000735591739795982
2486 0.0188329836578576
2487 0.0141750166931889
2488 0.0527844451747588
2489 0.00412012414118657
2490 0.00281798788755783
2491 0.00393789691569957
2492 0.04768912716944
2493 0.013014054206669
2494 0.0110764386648343
2495 0.0500105989401631
2496 0.0478042241199872
2497 0.0461638653827707
2498 0.00787009164520702
2499 0.00877564109247686
2500 0.0199807331698199
2501 0.0369474237654956
2502 0.0216321817517819
2503 0.0315914349043891
2504 0.0371626342637916
2505 0.0083102040001104
2506 0.00564276474853864
2507 0.00639556126002461
2508 0.0260916613822086
2509 0.0382385433119503
2510 0.00350481641793632
2511 0.018731321490137
2512 0.00290930482404361
2513 0.0135232808812011
2514 0.00647332385711641
2515 0.00828449249801677
2516 0.0380284625921679
2517 0.0139015974343102
2518 0.0228799904919175
2519 0.00680863654478481
2520 0.0580998282700085
2521 0.0356939275059505
2522 0.00155927399796107
2523 0.0447688867005924
2524 0.0214391252256774
2525 0.00522787573693551
2526 0.0101905058246068
2527 0.00399876555760725
2528 0.0280328225761135
2529 0.0487849887616427
2530 0.0608763785409239
2531 0.0246661433284987
2532 0.0305952574997108
2533 0.0457290300762789
2534 0.0232893475799947
2535 0.0430784108493096
2536 0.0193815191096034
2537 0.00485665351051701
2538 0.0277219964478004
2539 0.0308703800490866
2540 0.0243413047910712
2541 0.0497850986558395
2542 0.0185449964428002
2543 0.00361723091253685
2544 0.0318991542279825
2545 0.0490187097815551
2546 0.00813907128248248
2547 0.0164905015061843
2548 0.00987643667059013
2549 0.00480463231996131
2550 0.0381237973043884
2551 0.00730196281448148
2552 0.0203864218978289
2553 0.00962931475377538
2554 0.0190081574151102
2555 0.0227196029797256
2556 0.037285938975546
2557 0.0339188638513686
2558 0.00130200461404195
2559 0.0683606825119516
2560 0.0390033587095919
2561 0.0375243375154728
2562 0.0127022661970773
2563 0.0271358671578406
2564 0.0222952775149015
2565 0.0232024653341885
2566 0.0241660695106742
2567 0.000654970884002459
2568 0.0231715973078135
2569 0.0158464998329877
2570 0.00211039532152313
2571 0.00591312894659879
2572 0.0622599581060608
2573 0.00359200884198296
2574 0.0617223706046039
2575 0.0208476163899225
2576 0.0149500207498456
2577 0.0252145105690538
2578 0.00151032722708733
2579 0.0164048101735612
2580 0.0591859855693917
2581 0.0076324915055852
2582 0.0627318152381853
2583 0.0196163136269258
2584 0.0251486235202343
2585 0.00909846003172543
2586 0.0207004844030516
2587 0.0275068550809099
2588 0.0424075370650705
2589 0.00917782226896069
2590 0.0207768789865233
2591 0.0328403525772907
2592 0.0215330601861989
2593 0.00343716454630671
2594 0.0443128055628028
2595 0.0384865797460301
2596 0.00553631704706881
2597 0.0715918040475443
2598 0.026849521741525
2599 0.00944154177386869
2600 0.0011449842781035
2601 0.0334623669426009
2602 0.0205953678837454
2603 0.00257646500296582
2604 0.0578022196076362
2605 0.0451919822608526
2606 0.0362871087731507
2607 0.0201566500484738
2608 0.0107228223844418
2609 0.0113901214120498
2610 0.0229284880227683
2611 0.0197463778129401
2612 0.0225386426980347
2613 0.00139415809470123
2614 0.00809683815558904
2615 0.00210695998197341
2616 0.0204710022128971
2617 0.000106927363908049
2618 0.0235845277318756
2619 0.0324445400144406
2620 0.0389976146930207
2621 0.00313427749716144
2622 0.0295032902494574
2623 0.00125145900455825
2624 0.00335579027844135
2625 0.0138705121472329
2626 0.0269975915250105
2627 0.025157823261726
2628 0.0118029514823461
2629 0.0232532185513832
2630 0.0365710836945454
2631 0.0247404976635592
2632 0.0299628919504387
2633 0.0237664153134443
2634 0.0542740479404635
2635 0.0331157689206139
2636 0.0275948749006454
2637 0.0372808347799727
2638 0.0642094095372103
2639 0.0115082037851297
2640 0.0482290636851248
2641 0.0153174064316008
2642 0.0217740054604558
2643 0.0123718889731315
2644 0.00460598562011771
2645 0.0475230167865219
2646 0.00873671413350241
2647 0.00769796901029984
2648 0.0078012741882687
2649 0.0403325436391944
2650 0.0302425111142268
2651 0.00647929245759471
2652 0.0390790475460481
2653 0.0282916766954902
2654 0.0324334518953329
2655 0.0342104516674491
2656 0.0844778334310097
2657 0.00668213176179222
2658 0.0205675658427422
2659 0.00829907389351181
2660 0.00553878873750158
2661 0.0545260088097121
2662 0.0175693054526138
2663 0.0142587540203922
2664 0.0625677728114247
2665 0.0574723992319259
2666 0.00533753196642017
2667 0.00853367925350978
2668 0.00401829287248434
2669 0.00989123292209015
2670 0.0268358855817628
2671 0.0201156594436478
2672 0.00722634480336515
2673 0.0161899086181001
2674 0.00873339605544299
2675 0.0181640472158362
2676 0.0178457198098592
2677 0.0137362976848636
2678 0.0101632031788697
2679 0.0478976555675823
2680 0.0621531684526433
2681 0.00160691953463132
2682 0.0216502346593681
2683 0.0220458923142286
2684 0.017897398814414
2685 0.0195561168152172
2686 0.00927362212639649
2687 0.0234848172993671
2688 0.016475485510536
2689 0.0466817490127243
2690 0.0173539538170631
2691 0.0386547459292226
2692 0.00616875856018684
2693 0.0317618721944277
2694 0.027867885128368
2695 0.0118127525143401
2696 0.0109052808538856
2697 0.0065696710741765
2698 0.0483823070322265
2699 0.0266584759462702
2700 0.00778567952333686
2701 0.0811254463667299
2702 0.0561498739689612
2703 0.0150742080115127
2704 0.0522836310583932
2705 0.0153374043919032
2706 0.01762727055202
2707 0.00591483575340535
2708 0.0146805917549919
2709 0.00557010761232846
2710 0.0117845508334038
2711 0.0280140029439759
2712 0.0139825055770779
2713 0.0186984895953608
2714 0.0198659338050735
2715 0.020613869093085
2716 0.0152206078456079
2717 0.00156654324343064
2718 0.0128870939201988
2719 0.0281855352663989
2720 0.0189070547873134
2721 0.0195632934300778
2722 0.00777847783535579
2723 0.00886649777556725
2724 0.0105071049576577
2725 0.0111744563965259
2726 0.0187750788343739
2727 0.000347621444293456
2728 0.00481774647452449
2729 1.7662884790326E-06
2730 0.00701036515563613
2731 0.0539385578524376
2732 0.0247809898534892
2733 0.00614888952955051
2734 0.0180626805005346
2735 0.00215872036904141
2736 0.0195282775511494
2737 0.00850515000743002
2738 0.0297705360471485
2739 0.0365253670543551
2740 0.0146180608229325
2741 0.0420722143243815
2742 0.0562987998677493
2743 0.0151472854550883
2744 0.0111537749049799
2745 0.0166023236659587
2746 0.0200341561577435
2747 0.0130318298311995
2748 0.0275876563601165
2749 0.00254289153099885
2750 0.000904495874125555
2751 0.0238983940689881
2752 0.0153861787949521
2753 0.0287125556396877
2754 0.0146639764010614
2755 0.0252199294371254
2756 0.0531122072331001
2757 0.00398166078242523
2758 0.0167692398547925
2759 0.0131943431334558
2760 0.0261916807781266
2761 0.0336664895018965
2762 0.0449097510205934
2763 0.00372421471286044
2764 0.0181021988466918
2765 0.0128912794206184
2766 0.0344437505497761
2767 0.000218970198601731
2768 0.00701372848120752
2769 0.00502567613359783
2770 0.00188877802859055
2771 0.0163826667302351
2772 0.0135909969982069
2773 0.00548074229914697
2774 0.0066115454870892
2775 0.0179669333755927
2776 0.0388807796088355
2777 0.00213447562371361
2778 0.0213810810037494
2779 0.0186501321066501
2780 0.0267062891177345
2781 0.0240687978965242
2782 0.0017559086685357
2783 0.0030089986837587
2784 0.0119336215559835
2785 0.0234143999773031
2786 0.0525408097369087
2787 0.0113433299587729
2788 0.0211060642160814
2789 0.00525469620594432
2790 0.0421952588326944
2791 0.000891825466650342
2792 0.0198348222582996
2793 0.0012301870279674
2794 0.015810072916405
2795 0.0143792853832139
2796 0.00639212413791634
2797 0.0117361746826261
2798 0.00672307529458571
2799 0.0416034970238734
2800 0.0235645951932795
2801 0.0309034189052242
2802 0.0508293373421105
2803 0.0356436243381006
2804 0.0140362792943343
2805 0.0268038468243752
2806 0.0229435852641515
2807 0.00252283054977775
2808 0.0356672767286597
2809 0.00965773466660247
2810 0.0396016763833984
2811 0.0407148556607471
2812 0.00108372609392715
2813 0.0164151426820633
2814 0.055227673862865
2815 0.00797830569592017
2816 0.0264697322747138
2817 0.013927661355567
2818 0.00080537146023163
2819 0.0158280996549429
2820 0.0144932784993284
2821 0.0458605389586917
2822 0.00108984453251404
2823 0.0346138724586749
2824 0.0285861551925937
2825 0.016468599836712
2826 0.00204433635551871
2827 0.0106997596536464
2828 0.0215562321299605
2829 0.00704657182814028
2830 0.00528846870897759
2831 0.0151414440242528
2832 0.0275538761639775
2833 0.00535781092212329
2834 0.0260566703006493
2835 0.0102591203727367
2836 0.0178078436246532
2837 0.0171709758019087
2838 0.0229898951794856
2839 0.0206425804930612
2840 0.00707427219604373
2841 0.0447962302463369
2842 0.0250956469270913
2843 0.00161526575453852
2844 0.0439384911874057
2845 0.00418713203209098
2846 0.0134975513961355
2847 0.0164777304862631
2848 0.0166583744463948
2849 0.0064508688351208
2850 0.00562667995804755
2851 0.0443805543043361
2852 0.0319025693831829
2853 0.0331959666766561
2854 0.0447170198760927
2855 0.0124836763278995
2856 0.0132228852543106
2857 0.0188094847195721
2858 0.0535720167921041
2859 0.00528467307787572
2860 0.00936063807613063
2861 0.0424195740464421
2862 0.00679506351605541
2863 0.0421360543750269
2864 0.0215464218399517
2865 0.0056228906104332
2866 0.0532668633942119
2867 0.0118189217172864
2868 0.0464963433052752
2869 0.021662229930469
2870 0.0389831944208545
2871 0.0391512209541252
2872 0.00734199061306384
2873 0.00673059850522062
2874 0.00103573695443115
2875 0.0250856346015862
2876 0.00601774653026377
2877 0.0415611727660585
2878 0.0182210073673259
2879 0.00559789084514684
2880 0.00486481263158955
2881 0.0119225566492402
2882 0.0337364880803355
2883 0.00168974044428705
2884 0.0263890737834362
2885 0.0253781183345754
2886 0.00238463284642876
2887 0.0232411003066937
2888 0.00342358529783704
2889 0.0388475338748284
2890 0.0370961207151548
2891 0.00334696058121287
2892 0.00194949116873255
2893 0.0199271265646774
2894 0.00696358547313292
2895 0.0430956605379094
2896 0.0622203099661927
2897 0.0380771999038707
2898 0.0356595625701743
2899 0.0153315803391969
2900 0.00565269666777013
2901 0.0200704098363413
2902 0.0203437609503423
2903 0.0409002893517445
2904 0.0166940630201133
2905 0.00385899102495513
2906 0.0179883791290667
2907 0.0667417938703139
2908 0.00410797902772364
2909 0.0169532419315881
2910 0.00198182639060818
2911 0.0141735409334807
2912 0.043905496421123
2913 0.0476709213587423
2914 0.0338662380102974
2915 0.0602570917460095
2916 0.0131663742490846
2917 0.0239951554490414
2918 0.0114597735739168
2919 0.0138296775852411
2920 0.0235575351017299
2921 0.00828443444684179
2922 0.0238476747504284
2923 0.0348914175786623
2924 0.00469477843392507
2925 0.0140595649062472
2926 0.0163750998735259
2927 0.0121602921367034
2928 0.0168468744197718
2929 0.0112230528844712
2930 0.0165266599870901
2931 0.00529807891387923
2932 0.0141093473373983
2933 0.0155899524625318
2934 0.0473871768911613
2935 0.0298612231121131
2936 0.0068097226913717
2937 0.00235205448186537
2938 0.0218585934450979
2939 0.0305917351800535
2940 0.0267483070851058
2941 0.0461761888320638
2942 0.0103122213250959
2943 0.0185965597331519
2944 0.0360971381534267
2945 0.008475085550538
2946 0.0240531528570194
2947 0.0153653502435263
2948 0.0725792006862158
2949 0.0117480915470898
2950 0.0439811647324335
2951 0.00566063687819662
2952 0.00409394862185675
2953 0.00478513081548293
2954 0.0217887124340344
2955 0.0298644023580632
2956 0.0359729282613483
2957 0.0209888065369559
2958 0.0289986294703324
2959 0.0226376164944417
2960 0.0136592955164199
2961 0.00945824036187881
2962 0.011069974632623
2963 0.0278375974547771
2964 0.0362398234055412
2965 0.00269549673494573
2966 0.0275057578796374
2967 0.00348644802410281
2968 0.043279231132864
2969 0.0348728535552754
2970 0.00289358132459805
2971 0.0197462248676294
2972 0.00111783251688369
2973 0.0122897472980057
2974 0.00528058583578961
2975 0.000688609292076592
2976 0.00776591513783131
2977 0.00928627898080858
2978 0.00256748323930722
2979 0.047967063852147
2980 0.0220451544051428
2981 0.0438010267162099
2982 0.0311003576541879
2983 0.0131010932355546
2984 0.0328429733903488
2985 0.00723802365361603
2986 0.0163227188018538
2987 0.0281637509885946
2988 0.0108485230259494
2989 0.00401719673958878
2990 0.0376354658750602
2991 0.0146929278686114
2992 0.0037794878452182
2993 0.0267172097399202
2994 0.00841648574995357
2995 0.0130275349239204
2996 0.00360642388391685
2997 0.0294683842787369
2998 0.0158882157345115
2999 0.000420491103743093
3000 0.0341147590502082
