1 -1.55703723067474
2 -0.345025650023136
3 -0.54027747942081
4 0.642306510174788
5 0.773904165561995
6 -0.193159434927608
7 0.23878531813942
8 -0.192131568786305
9 0.312927653305331
10 -0.393503999068292
11 -0.752897334135598
12 0.425585325599433
13 0.131858964779084
14 -0.287431298891071
15 -0.136246212631622
16 0.0320737934913116
17 0.147938094027342
18 0.0271962225711464
19 0.154857888354043
20 0.201157204360957
21 -0.167759394582168
22 0.206431429631605
23 -0.0738490970580264
24 0.225966499544689
25 0.122179419989484
26 0.168355016769767
27 -0.171649751772416
28 -0.108254120228863
29 0.0586938587370806
30 0.229330117652085
31 -0.125048123459982
32 0.2028781868294
33 0.186717829785039
34 0.198193232234199
35 0.227175528896057
36 0.0528487370707732
37 -0.168106086195114
38 0.0334354112221104
39 0.221555787399709
40 -0.153449899680725
41 0.15369065200786
42 0.101375723868613
43 0.177385305191127
44 -0.125386130305994
45 0.102132119971198
46 0.0705173905662748
47 0.138763829919119
48 0.099002482561254
49 0.065369716323516
50 0.069385277821553
51 0.11573840880809
52 0.185980661148842
53 0.180986189989606
54 0.0790683202833727
55 -0.410057449175342
56 0.0954696848816302
57 0.13999117227133
58 0.105802065613013
59 0.0417570307525749
60 -0.0779660226110995
61 0.108850632828767
62 -0.0101652295309576
63 0.121777378491067
64 0.108232996337766
65 0.0158932295841203
66 -0.0464821574939295
67 0.0858416488562583
68 -0.32332121391844
69 0.0333124758362913
70 -0.21022439025365
71 -0.144726093188001
72 0.128920260545645
73 0.0395925775797345
74 0.0626391044285063
75 0.0125641977668247
76 0.0914210752156553
77 0.110735614949007
78 0.129772478241994
79 0.119112651390953
80 0.117836130416215
81 0.0215487871734875
82 -0.0566046354171681
83 0.0566412816779005
84 -0.00533775818943372
85 0.0766313971875754
86 -0.0219649050447446
87 0.0987740751112798
88 0.0322067888950548
89 0.0593441493503318
90 0.125250549448195
91 0.0857581072187389
92 -0.0566070598858064
93 0.0499941879274348
94 0.0285900989931955
95 0.0524109527445668
96 0.11593934537323
97 0.0982961269552285
98 0.0202062295232668
99 0.122443964027665
100 -0.0742666660517047
101 0.0674936465910203
102 -0.455286224259628
103 -0.162676904557159
104 -0.0953239215184919
105 0.0968196823009216
106 0.020411439356991
107 0.0321208449374053
108 0.0136195100247727
109 0.104987358330637
110 0.124022148349806
111 0.00206570059827726
112 0.0438783864679004
113 0.0359693402643961
114 -0.0278859469380067
115 0.00312069677303056
116 0.0386944550550776
117 0.0434695961296455
118 -0.0367412468158434
119 -0.154177370365251
120 0.0817225202123428
121 0.100022737289277
122 0.0442128729808327
123 0.111674973159167
124 -0.0447906244872295
125 -0.0126051529890441
126 0.0989373652553708
127 0.038734387376986
128 0.0780183821694507
129 0.108869728015639
130 -0.0494414010259049
131 0.0670828763829222
132 0.119608576289977
133 0.0259252389230975
134 -0.0648796321777726
135 -0.00185316947116294
136 0.0329276142854247
137 -0.0865415839590908
138 -0.0779103703403505
139 0.103829631403247
140 -0.016492503678791
141 0.0927939365014734
142 0.112952332087598
143 0.0664769002521083
144 -0.0404800338616291
145 0.0512707702523966
146 -0.0915057583524458
147 -0.0586732961714913
148 0.0884141736698698
149 0.0402637882034665
150 0.0251503478736658
151 0.0119083198348095
152 0.0138974248943625
153 0.0430732460999649
154 -0.0149180667514108
155 0.00392556119376221
156 0.00169992279733928
157 -0.0127845078008158
158 0.0268099393526944
159 0.0198760138762093
160 0.0819411188669162
161 0.0227873184879835
162 0.0108847848151425
163 0.00297425355330544
164 0.0934145214610726
165 -0.0864788636447027
166 0.0138052772831898
167 0.0929282404474552
168 0.084414305216781
169 -0.0416541481577276
170 0.0441372306739471
171 0.102776551071793
172 0.0420393240708001
173 0.010271062795801
174 0.0332272060808699
175 -0.0634385033295857
176 0.0110759897711017
177 -0.026792265485984
178 -0.0171533426407216
179 0.0774572004760257
180 0.0589336670217979
181 0.099354864826516
182 0.0147544522667819
183 0.0975036282850682
184 0.0401626293101182
185 -0.00593910244414342
186 0.0960090425056201
187 -0.0797178126987302
188 0.0640480663003584
189 0.0642710099592787
190 0.0842682014816184
191 0.0558125301040229
192 0.0497570373258692
193 0.0308173975001722
194 0.029851091271716
195 -0.139488782140393
196 0.0520387697813994
197 -0.0479095592986036
198 -0.095490334199411
199 -0.0112788459642955
200 0.0839150487805787
201 0.051625093017023
202 -0.0361557978363768
203 -0.0775713928372748
204 0.0915856488913842
205 0.0617170395979075
206 -0.127457123319128
207 0.0737278832355814
208 0.0737556162929509
209 -0.044687563543328
210 0.0913390865741691
211 -0.0337281485531091
212 0.0658296170248777
213 -0.0160262112373188
214 -0.0268352538069462
215 0.082362910927316
216 -0.0856454668977764
217 0.00901172490280441
218 0.0593158632555384
219 0.0823028170695206
220 0.04774714589317
221 -0.0124394864715469
222 -0.0707932508508042
223 -0.0714719827453245
224 0.06208693870014
225 -0.0656278475438351
226 0.0840990674618437
227 -0.0627225376731077
228 -0.00311340349713052
229 0.0750715446161683
230 0.0151372752615289
231 0.0847273334825227
232 -0.00513738356263146
233 0.0151227986907047
234 0.0723927256865931
235 0.0618239290472861
236 0.0346557784034328
237 0.0408019249616171
238 0.0693404438027001
239 0.0729226214724749
240 0.0243454535760254
241 0.00283375710711878
242 -0.0331954787382386
243 0.0391161969417272
244 -0.0501804767634156
245 0.0775025187248387
246 0.023890321692424
247 0.0352589296558656
248 -0.0104217364264587
249 -0.00524899309247152
250 0.0160793741773563
251 0.06456155862596
252 -0.0215348717055892
253 0.0325556146401184
254 0.0359165682417795
255 -0.0835676917915519
256 0.0698793756405238
257 0.0741523322411773
258 0.00195340699961466
259 -0.00848277563174386
260 -0.0696771594708335
261 0.00525792739822969
262 0.0467595424948517
263 -0.00185862962625198
264 0.0480664000975886
265 -0.00708701794762918
266 0.0178595500425901
267 0.0812009192942274
268 -0.00870829432699619
269 0.0237111988618246
270 -0.0934017480180177
271 0.0729910968062798
272 0.00791844479976461
273 0.0278458735073633
274 0.0737356602254487
275 0.0490826811722605
276 -0.0435633685521715
277 -0.0632376541454676
278 -0.020405844611293
279 0.0682722575971814
280 0.0352011871750255
281 -0.00420865367300065
282 0.0539674944232156
283 0.0634835461382739
284 0.0431016509637577
285 0.0603839564552899
286 0.036047399128229
287 -0.0254256228162343
288 0.0375495958723468
289 -0.0555907279455017
290 0.0773385666656365
291 0.0203506029413609
292 -0.00211468554265927
293 -0.0551054690521216
294 0.0706202007135925
295 0.077939990086147
296 0.0676068720952784
297 0.0394481756165741
298 0.0440334217034424
299 0.0360310037259965
300 0.0165935466784704
301 0.0509977253213771
302 -0.0748716550047086
303 0.0410321384627623
304 -0.0407712632700041
305 -0.00952526382522759
306 0.0623708713128238
307 0.0310347909724299
308 -0.0794779050177088
309 0.0303179452090476
310 -0.0541812044039235
311 0.0403237690063172
312 0.0652705041142315
313 0.0663403916153227
314 0.0247367623340025
315 0.00824500587603495
316 -0.0115998151862289
317 0.0442656511311278
318 0.0568555394291524
319 0.0619733232527738
320 -0.0152956556898819
321 0.0653133899279186
322 0.0736327457752391
323 0.064386769745732
324 -0.0839055178671994
325 0.0530057593150176
326 0.0184062796089826
327 0.0397688380802228
328 0.0744296502073347
329 -0.00406763730910917
330 0.00679276129956408
331 0.0594751054164576
332 0.0161724880578943
333 0.0128004320947797
334 0.0715405828211944
335 0.0214530118001944
336 0.0750041203127109
337 0.0459184179554183
338 0.0646916627003397
339 0.0150629383602175
340 -0.128635092638488
341 0.0538959906797514
342 -0.00426821609986831
343 -0.0117101330787656
344 -0.00500691762743585
345 0.0364718276516381
346 -0.0312732870505147
347 -0.0351836735361528
348 0.0290447620393277
349 -0.0882591356480366
350 -0.0116460078930173
351 0.0325844857608467
352 -0.00766029220150106
353 0.0429827725381583
354 -0.0630076630660551
355 -0.0922904078755986
356 0.0623565588269932
357 0.0272323384730608
358 0.0139526691155977
359 0.0628708428395925
360 0.0672367143955731
361 0.0469358976595055
362 0.0442219731024636
363 0.0569903647238675
364 0.0233873017403845
365 0.0488142940570637
366 0.00335253249454792
367 -0.0649977883188424
368 0.0159362490372476
369 -0.0619210433364719
370 0.0294315264088239
371 0.0404947220173583
372 0.00292101396862483
373 0.0607883433323368
374 0.00750914404578468
375 0.0267331271081893
376 0.054512310070438
377 0.0350753719322602
378 0.0688366806189226
379 0.0343758247966983
380 -0.0130680000947337
381 -0.00542200792876732
382 0.0489886332596888
383 0.0615326426157172
384 0.0400175476132666
385 0.048508919597668
386 0.0255560008892154
387 0.049395504505505
388 0.0586768344598928
389 0.0521885040992534
390 -0.00806402081943286
391 0.0378120043068705
392 0.0120896613031309
393 0.00622519696871261
394 0.0445702559353978
395 0.0227587879061291
396 0.0241207352364927
397 0.017353743614698
398 0.0367367554284601
399 -0.0853954066909246
400 -0.0467126088342051
401 -0.00235288756680586
402 -0.0121849805577857
403 0.0545952579034257
404 0.0144738493440901
405 -0.0445429801829152
406 -0.0370082436276181
407 0.0364434797003601
408 0.0546915062892917
409 0.0413396781918597
410 0.0107538600019839
411 0.0666086392008207
412 0.000362740123365402
413 0.0497520476091877
414 -0.00381541232320058
415 0.0438083703392568
416 0.0200735678785649
417 0.0018675936526803
418 0.00377678731069642
419 -0.0556641078868366
420 0.0368636714062334
421 -0.0719667389676359
422 0.00185851974320148
423 0.0282240962368937
424 -0.0122374183417965
425 0.0361348399006106
426 -0.0234552614733872
427 0.0201848067213147
428 0.0504301896246791
429 0.0412394169460713
430 0.017345469837736
431 0.0259109323899586
432 -0.0044010202049382
433 -0.0136790322760129
434 0.0440432803444906
435 0.0556213370012529
436 0.0301856338942044
437 0.0614444175373165
438 0.0489965238265892
439 0.0586777355586497
440 0.0145952970881428
441 0.0641946153918095
442 0.0300547474834649
443 -0.0280774220579689
444 -0.000243824282492811
445 0.0416489687256343
446 -0.015093726741273
447 0.0111841486661075
448 0.0144145914680074
449 0.0563964857109926
450 -0.0661829971325939
451 0.00911764623114468
452 0.0386234316275217
453 0.0228801187000664
454 -0.0493695630636587
455 -0.0843410529343858
456 0.0455112739343255
457 0.0555953320128366
458 0.0613005560709064
459 0.0489907243630003
460 -0.0962079972343376
461 -0.0182132704468656
462 0.0493344062990901
463 0.0366437071509314
464 0.0601183399741797
465 -0.00311150832212643
466 0.0545542694338887
467 0.0556526756731999
468 0.053227932569318
469 0.0452430743697275
470 0.0336239865980058
471 0.0476392854981823
472 0.00143901741166109
473 -0.0265255840690328
474 -0.0195582177843142
475 0.0346756584737779
476 0.0608591331316907
477 0.0387679904031588
478 0.0321199319199034
479 0.0630957679159001
480 0.0404282388125991
481 0.0440159602362652
482 -0.0224193453449739
483 0.0257914391135078
484 0.0243014758735981
485 0.0603113671338393
486 -0.0465697122047739
487 0.02173023500078
488 0.057630893032994
489 -0.0685430924417984
490 -0.0251046503317812
491 -0.0968500505604357
492 0.0454954802758889
493 -0.0709219665901687
494 0.00482543162517757
495 0.014112844402497
496 -0.0357866507324314
497 -0.0344377833248245
498 0.0512017977427243
499 0.00338182185842782
500 0.0221589529794518
501 0.0603370990930909
502 -0.00997490393196773
503 -5.12745776159312E-06
504 0.0368339894260566
505 0.00676945746116038
506 -0.0128224437557781
507 0.0475859114300256
508 0.0298565970234634
509 -0.00764410086761748
510 0.0435695674092522
511 0.0192685728842478
512 0.00362333053732582
513 0.0610433346251306
514 0.0190492684691178
515 0.0118954044644771
516 0.0492076881214532
517 0.015994738856655
518 -0.050929536877492
519 0.0234332985649057
520 0.0215186335189054
521 -0.0563738356778021
522 0.0235110283166015
523 0.0515959923764094
524 -0.0382406572230775
525 0.0454788892594481
526 0.0361650213872256
527 0.0462136343610926
528 0.0221898901333226
529 0.00177322297856645
530 -0.0359234559369092
531 0.0134903190604201
532 -0.00362853985606584
533 0.0397145111251305
534 -0.0282165894237283
535 0.0562836040577493
536 0.010794387862294
537 0.0482818407890486
538 0.00104566989096259
539 -0.0668099829393616
540 -0.0390835660633088
541 0.0553178872380956
542 -0.000868772109832508
543 -0.0124451605263238
544 0.0528594826480649
545 -0.0282030295302382
546 0.0270992753790138
547 -0.0366039299964359
548 0.0113811466918837
549 0.0318339745073352
550 0.0528159335744383
551 -0.0223611112780254
552 0.0376515555968177
553 -0.0156903760923513
554 -0.0107885261640177
555 0.0116458658367433
556 0.0488438676926247
557 0.0582412603424066
558 0.0390112416606067
559 0.0552572834919131
560 0.00880640396711072
561 0.0452369063995795
562 -0.0204956757027989
563 -0.0366323711559386
564 0.0369839329303315
565 0.0349049025907396
566 -0.0242820507357898
567 0.00764408503088338
568 0.0231512698174685
569 0.034588434496056
570 0.0477187895991126
571 -0.104915407049786
572 -0.127646687746918
573 0.0534423969737374
574 0.013992862727079
575 0.0401882497261476
576 0.0498960991896071
577 -0.0479232963520364
578 0.022231617148826
579 0.0319432898413172
580 -0.0840497245694283
581 0.00588636695439756
582 0.0529568325901589
583 0.0144099417559529
584 0.0327003180641033
585 -0.011198720344931
586 -0.0059471590060227
587 0.0531157363462733
588 0.0518838847796457
589 0.0272454200017516
590 0.0243435530044348
591 0.0145496632082536
592 0.0462292390854384
593 -0.00178652885207803
594 -0.0229241890272897
595 0.0497516391275175
596 0.0277711862782037
597 0.0230762201999286
598 0.0376673558898879
599 -0.0477261364723695
600 0.0182391509385976
601 0.0313995422598712
602 0.0208403875897863
603 0.0238718496215642
604 0.0418579571705949
605 0.015735552345365
606 -0.00447825378035632
607 0.0548209114453022
608 0.0167327636449402
609 0.0205817902862172
610 0.0158323050825692
611 0.0183513322356409
612 -0.0302569985567826
613 0.0171992633447557
614 -0.0122082383178845
615 -0.0149878296562187
616 0.0174106602067414
617 0.0234856788937619
618 0.0301013390540173
619 -0.000486704840977917
620 -0.0585665212725778
621 -0.059227069921593
622 -0.05491155929777
623 0.0255620412843281
624 -0.00716407318637002
625 0.00128256610385387
626 0.0194291968289953
627 -0.00683124285732138
628 0.0212548451064184
629 0.0162594506348085
630 -0.00909929226181274
631 0.00631575268531554
632 0.0495423645091392
633 0.000340722801651948
634 0.0525341662929813
635 0.0242461137394807
636 0.00182528543306505
637 0.0447841553589026
638 0.044524560365166
639 0.0418930980227183
640 -0.00323751116320749
641 0.0408405946586058
642 0.0275956082765268
643 0.00112638861672361
644 -0.0143237835247901
645 -0.00350894932906584
646 -0.00838835805042681
647 -0.0235179837719431
648 0.039182295089205
649 0.0513414494740882
650 0.0267766261931787
651 0.0525246055654492
652 -0.0148808561091247
653 -0.0569778935963653
654 0.0472694529664907
655 0.0189156573806959
656 -0.00545354301956561
657 -0.0491533945666473
658 -0.0530029592445644
659 0.0527112734785232
660 -0.0184100619349372
661 0.0488716510703594
662 -0.0145266785455244
663 0.0105487384915095
664 0.0471581947000936
665 0.0271960237424418
666 0.0498847837881367
667 0.00278583995128863
668 0.0489932216575014
669 -0.00074720724894646
670 0.0428576774914961
671 0.00763856836799691
672 -0.0280146991832135
673 0.0416748157492321
674 -0.0101209536351072
675 0.0263294267892386
676 -0.00345709200380812
677 0.0214171996125261
678 -0.0448004271320859
679 0.0484747747410302
680 0.047853485392096
681 0.0471907785667807
682 0.0234689001317548
683 0.0346184587517772
684 0.0289370091240585
685 -0.0326047190900458
686 0.0377422596399736
687 0.0305808890653525
688 0.0167565901894276
689 0.044935811812559
690 -0.0176738756799763
691 0.0378576497142849
692 0.0248148543562198
693 0.0364802051532085
694 0.00214960292681295
695 -0.0125818212312555
696 -0.0235796654965398
697 -0.0313908032280432
698 -0.00145692591625848
699 -0.0563971062704839
700 0.0499542554145257
701 0.0316605711413682
702 0.0475647678585224
703 0.0426291384973061
704 0.000504572622480874
705 0.0125388840826547
706 0.0434826412770097
707 0.0185531833250444
708 -0.0037908301142898
709 0.0038852739368775
710 0.0325819011196595
711 0.0329786321810196
712 -0.0778695261863191
713 -0.011414860856462
714 -0.0160338007175728
715 -0.00514068487414757
716 0.000689372705578881
717 -0.0129683530611925
718 -0.0193064775102397
719 0.0345829219988242
720 0.0156546208178917
721 0.0103935705574252
722 0.0398047035868031
723 0.0438412890345638
724 0.00821381516338105
725 0.00241998279103772
726 -0.0845915657517303
727 0.0230843088307131
728 -0.0281414711348551
729 0.0507607261346145
730 -0.0134960571829037
731 -0.00275308637699036
732 -0.0469632324333474
733 -0.00211658408913028
734 -0.0200108178954969
735 0.0428768390069831
736 -0.00881229591422682
737 -0.00600179749249204
738 -0.0479629198729868
739 0.0508876993508051
740 -0.0131319456552028
741 0.0144809248643017
742 0.0349390340732964
743 -0.0161622704962158
744 -0.0156252635532672
745 -0.0876594185520461
746 0.00106777589694183
747 0.039826998007505
748 0.00637922756064343
749 -0.0353298539020636
750 -0.0731050304706715
751 0.0132475844567005
752 0.012882264897187
753 -0.0320141241468329
754 0.041869593616204
755 0.0376651941108989
756 0.0460158257724395
757 0.0153708564085587
758 -0.000485182234523915
759 -0.0116122867822349
760 0.0211203721727924
761 -0.0195051184815654
762 0.0416996618176239
763 -0.0360666189145657
764 -0.0204656245361068
765 0.032093730119448
766 0.0432260731492908
767 0.00603122232903962
768 0.0093875046324031
769 -0.0136219931864306
770 0.00327913795882363
771 -0.0109441646101875
772 0.0485334757087262
773 0.0163827971610509
774 -0.0276050554922334
775 0.0038376272566116
776 -0.0207320108094031
777 0.00186123227761468
778 0.0416397198494517
779 0.0178341385638242
780 0.027019316637769
781 0.0278236840020274
782 -0.00254340820933678
783 0.018450623218659
784 0.0267194201005028
785 -0.0527214430916741
786 0.0149954956228826
787 0.020600335491279
788 -0.0115774479342125
789 0.0203879797290666
790 0.0379500150669144
791 0.0204448118382879
792 -0.02953273801853
793 0.0297753595158258
794 0.0468122445853179
795 0.00903218780625049
796 0.0341758076657639
797 0.0158981490686192
798 -0.0340810599225142
799 -0.0257921869897595
800 0.0358602041005759
801 0.0240909242341609
802 0.0338105447152049
803 -0.00993169988122226
804 0.0290244766177384
805 -0.0760359030743374
806 -0.0175915477987587
807 -0.0102526551265847
808 0.0289906144433276
809 0.00749483978095417
810 0.00956251108884252
811 0.00719294475015815
812 0.0146425758306567
813 0.0116598396875903
814 -0.00362819289205941
815 -0.0371871715032567
816 0.0215344372956618
817 0.00612856704855839
818 0.0139313032907456
819 -0.05935939098405
820 0.0427117444826449
821 -0.0241467312530635
822 0.0156665045233335
823 0.0441354847545769
824 0.0447024496860335
825 0.00675713754831066
826 0.0278354175766792
827 0.0304861625965241
828 -0.018817038245821
829 -0.0292625024708941
830 -0.0164644361984315
831 0.027669392287655
832 0.0370362306763743
833 0.036948653542135
834 -0.0714853683326959
835 0.0341951865797192
836 -0.0254447619909393
837 0.0371176029545523
838 0.0388319329400693
839 -0.0119271143629597
840 0.024170230293524
841 0.0456966521312537
842 -0.0140096595844007
843 0.0422713691594651
844 0.0219011757040491
845 -0.0139007034494013
846 0.0122025023737792
847 0.0347416228341065
848 0.00830220256455681
849 0.0391124993823587
850 0.00317286741578803
851 0.0421092076283358
852 0.00452561311674211
853 0.0298603481822041
854 0.037484156790477
855 -0.0121394009021224
856 -0.0480200407756599
857 -0.00922935856906257
858 0.016622324530806
859 -0.0212041093741659
860 -0.00292657504891625
861 0.0310311546670686
862 0.023867135482397
863 0.0339356757158613
864 0.0207382619258843
865 0.0193186078264584
866 -0.00453575874335352
867 0.0250380305101997
868 0.0356247072015931
869 0.0295909428672595
870 -0.0301449154797152
871 0.0452552965269667
872 0.0282637176217209
873 0.0244642380331623
874 0.0419529109500293
875 0.00648667210135732
876 0.0261620531482856
877 -0.112422125238371
878 0.015009793228646
879 -0.0127738625733997
880 0.0216419229775121
881 -0.0291690913762811
882 0.0461429108286816
883 -0.0270405321801217
884 0.0149180911147647
885 -0.0477021747066962
886 0.0171742182949227
887 0.0406642032556168
888 -0.0242248547259769
889 0.046380756418148
890 -0.0775399465504898
891 0.044631320507984
892 -0.0141627263510814
893 0.038135996744861
894 -0.0252662033337519
895 -0.0383025146567162
896 0.00550301257824748
897 0.0314876542047716
898 -0.0289779001224394
899 0.0154012137206426
900 -0.0278135828672288
901 0.0342444353921779
902 0.021219539853944
903 0.0433631547768167
904 -0.0220491450233671
905 0.0437120596629435
906 0.0179897670687481
907 0.036777100158626
908 -0.0370851202463859
909 0.0233358095102829
910 0.0417188351027026
911 0.0406807122186351
912 0.00876090953211308
913 0.0176779362292479
914 0.0416607000850378
915 0.0314212040891239
916 -0.00464640392474924
917 0.0328671637946548
918 -0.00906553994616
919 0.0266184171323395
920 0.0392842778205474
921 -0.00504738114220549
922 -0.0177344849100591
923 -0.0111805737252131
924 -0.0113792682497707
925 0.0079583336748029
926 -0.012757884333757
927 0.00248158271481001
928 0.0325019123566635
929 0.0174895044809215
930 0.0357442287474486
931 -0.0223196249067555
932 -0.0150658807250946
933 0.029008837588879
934 -0.0143526468272574
935 0.0277824840446399
936 0.0241952129760553
937 -0.0409117596009713
938 -0.0122640169511172
939 0.0268426109910636
940 0.013518781904232
941 0.0375683314186227
942 -0.0496421446134937
943 0.0223026389395248
944 0.00258530816476096
945 0.0322941265561697
946 -0.00618105181282109
947 0.0292058584322283
948 0.00334237013512597
949 0.0372263749871462
950 -0.000292854589719942
951 0.0397383387790607
952 -0.00782615381083929
953 0.0372198214557795
954 0.0345731762177262
955 0.010234840214004
956 0.00585178444259192
957 0.0230689585613376
958 -0.0161039983516695
959 -0.0637441591323421
960 0.0334758181461526
961 -0.068185616532309
962 0.0174156953850373
963 0.0341713993611487
964 0.0364640166626336
965 -0.0073992153182286
966 0.0300858627200765
967 0.0100350672980686
968 -0.0784778365199002
969 0.0333124508409565
970 -0.000210426386358313
971 0.0268559823293269
972 0.0310056365313341
973 0.00230570824532129
974 0.0278316902620144
975 0.0333386498610703
976 0.0226983563353049
977 -0.00563509599010752
978 0.0302327792075605
979 0.0262601582749079
980 0.0306382983313155
981 0.0338327176687814
982 0.0194586798033677
983 0.0170308437048538
984 0.0246857395933327
985 -0.0167850810119514
986 0.0183966865861893
987 0.023463823646517
988 -0.0117285650710198
989 0.0184860982873877
990 -0.0419419642291567
991 -0.0290983546871815
992 0.0122035037623341
993 -0.0125330535112183
994 0.0041127715092293
995 -0.00711689461489693
996 0.00417261625989995
997 0.00867219455392215
998 0.0325020900803427
999 -0.0263387537544336
1000 -0.0771880969854801
1001 0.0258459784202143
1002 0.00521741912497686
1003 -0.0149466440595265
1004 -0.0194946943484641
1005 0.0402432049234288
1006 -0.0305836356887804
1007 -0.000137679401910298
1008 -0.0252775878425234
1009 -0.0456135315744815
1010 0.0444199368486022
1011 -0.0189922823915712
1012 0.00988851993031332
1013 0.0370533004959549
1014 0.0435436424386498
1015 -0.0382734451033546
1016 0.02989779629305
1017 0.00656044245221159
1018 -0.0098570318202283
1019 0.0178917691455674
1020 -0.0352264657243061
1021 0.0327551478199658
1022 0.000866825539722116
1023 0.0306551337953603
1024 -0.0214468317042172
1025 0.0411553435906061
1026 0.0291606459972108
1027 0.000381043721426062
1028 -0.00497143019080193
1029 -0.0129990066582008
1030 -0.00364702346613421
1031 0.0294840431765199
1032 -0.0589692747857955
1033 -0.00144753918557815
1034 0.0321660730348374
1035 0.0321686000384585
1036 -0.0541441258985472
1037 0.000154255986701692
1038 0.00924140227350208
1039 0.00200355304517296
1040 -0.0225432127832926
1041 0.013844335168625
1042 -0.0239494251959919
1043 0.00869556343656087
1044 -0.0177335420860815
1045 0.0422653318126836
1046 0.0388734747064748
1047 0.0225196045644412
1048 0.00526492324009172
1049 0.0295475393092574
1050 -0.00537587711391759
1051 0.0367484332434914
1052 0.0292353119271913
1053 0.0261976378197347
1054 0.0146305424372035
1055 0.0424181417405474
1056 0.0258978769266461
1057 -0.0509076219373842
1058 0.00801414214613786
1059 0.00910882435095081
1060 -0.00552184123360982
1061 0.0410811643478843
1062 0.0418502430292408
1063 -0.0100500986246559
1064 -0.0409123155364493
1065 0.0245672593502074
1066 -0.076155418628
1067 -0.00906364309552697
1068 0.038128887937139
1069 0.035594383012898
1070 0.0108180554118773
1071 0.0362761061643483
1072 0.000123556331654916
1073 -0.00101135044979297
1074 -0.000485121449770663
1075 -0.0241809923361982
1076 -0.0118403676749227
1077 -0.0270239425411673
1078 0.0340893059679989
1079 -0.0230607041430377
1080 0.00825425431259171
1081 -0.00165283324563097
1082 -0.0220911874945478
1083 0.0301461533963925
1084 0.00966542036306255
1085 0.00671772250144607
1086 0.0162467389272591
1087 0.0172109377591263
1088 0.0222717062654631
1089 0.0248390238742541
1090 -0.014801886578222
1091 0.0345157333114057
1092 0.0420175004008181
1093 0.0252764562668664
1094 -0.0578271172125902
1095 -0.00790146988770781
1096 -0.0553169268050659
1097 0.000340032968329483
1098 0.0254881059475577
1099 0.00809826626363083
1100 0.00679419818502023
1101 0.00618115349952515
1102 0.0389967867201474
1103 0.0336088309289124
1104 0.0383090645699243
1105 0.00297257533178716
1106 0.0253909009006069
1107 0.00996974021492287
1108 0.0182849215116064
1109 0.00164573062065344
1110 0.00956782511012336
1111 0.0329530159367407
1112 0.00315608158873217
1113 0.0110310084933428
1114 0.0134277961798753
1115 0.0367313273797448
1116 0.012661723189991
1117 0.0355044393004951
1118 0.0177560855164529
1119 0.0230118001983502
1120 0.0107143042827096
1121 0.0317391240244263
1122 0.0267209810249209
1123 0.0309548937488476
1124 -0.027261797330568
1125 0.0361814466930098
1126 0.0112847592956692
1127 0.0343737970408598
1128 0.0204368558915873
1129 0.000296438196377639
1130 0.0299730613151552
1131 0.0158729576259677
1132 0.0283344943330274
1133 0.0355253434024805
1134 0.0107807820307118
1135 -0.00258440034704224
1136 -0.0268830347465807
1137 0.0296025074353436
1138 0.0264462172185236
1139 -0.0372707626160861
1140 -0.00628277222731921
1141 0.0302941984836574
1142 -0.00827215410973489
1143 -0.023372564255844
1144 0.00194900689392582
1145 0.0238797453048457
1146 0.0300339726760679
1147 0.0157375040240757
1148 0.00882858600306075
1149 0.0199270131477197
1150 -0.00621964970727672
1151 -0.00642176295514466
1152 0.00326329722064765
1153 0.0135840357849529
1154 0.0342248982634725
1155 0.0261236635129279
1156 -0.0238028863758327
1157 0.0341175473803954
1158 0.0199777841549637
1159 0.0298375414168972
1160 0.0367908903038953
1161 -0.00208736755908082
1162 -0.00570277590349499
1163 -0.0205064763930884
1164 -0.0203296183618148
1165 -0.00420392212964094
1166 0.0136133224230071
1167 0.00452755430753606
1168 -0.051631225312421
1169 0.00676480193974546
1170 -0.065920879252809
1171 0.000385164513840575
1172 -0.0507304769206914
1173 0.0186737943808982
1174 0.0146008543515556
1175 -0.0296318718953544
1176 0.0190695709506994
1177 0.0397222935246017
1178 0.0381504990370912
1179 -0.022310052357378
1180 -0.0228583597943899
1181 0.0321616856990323
1182 -0.0297279829629903
1183 0.0350723067199575
1184 -0.0312908611361332
1185 0.0392499344962774
1186 -0.00331286965317362
1187 -0.0460110454508649
1188 0.0371104416482368
1189 0.00211263131327111
1190 -0.0794060104222966
1191 0.0312401476770371
1192 0.00291406849504548
1193 -0.0208476346033823
1194 0.0387433754665516
1195 0.0222672647041172
1196 0.0224119861701438
1197 -0.0199892964525024
1198 0.0347437497441173
1199 0.0319276298811258
1200 -0.0389912927527443
1201 0.0223106593686901
1202 0.000205753500751964
1203 -0.0339904274799792
1204 -0.0259191460545082
1205 -0.0459054464645456
1206 0.0321355804084534
1207 0.0232729034560357
1208 0.0280556745119787
1209 0.0173293999049888
1210 -0.0439987457360265
1211 0.0164191791064867
1212 0.0270624364135495
1213 0.00278112842429507
1214 0.00814184944121966
1215 0.0386441742166622
1216 0.00503890883393563
1217 0.0137432917616375
1218 -0.0384132964605352
1219 0.0372167169895963
1220 0.0311596735250144
1221 0.0387106147101571
1222 -0.0318496480459449
1223 -0.0214731758164958
1224 -0.00227326173579716
1225 0.0293419991793024
1226 0.027758955805351
1227 -0.101473659726494
1228 0.0292252298547867
1229 0.00813045611443006
1230 -0.00286409938194513
1231 0.029527453539547
1232 0.0214115929028724
1233 0.0260820735050077
1234 -0.0224229116726852
1235 -0.00590374571578212
1236 -0.034637863061955
1237 0.0328637535697394
1238 0.0137887627446305
1239 0.0120230116158482
1240 0.035668928286711
1241 -0.0241920159037145
1242 0.0163302336675256
1243 0.0353977911973271
1244 0.0256566837970759
1245 0.0374282434782297
1246 -0.0202239748047829
1247 0.0018072385702215
1248 0.0178362912286508
1249 0.0103867019509025
1250 0.0110515522955647
1251 0.026478875071505
1252 -0.0128703163858827
1253 -0.0368592806608284
1254 0.0296336849104109
1255 0.0111058067243875
1256 0.0132520316039641
1257 0.0109297923615794
1258 -0.00747207872925142
1259 0.0306690220523366
1260 -0.0857070961129822
1261 0.0289719035376939
1262 -0.0528907824139163
1263 -0.0318129322964967
1264 0.0313886558683394
1265 0.0256097884422036
1266 0.0129799544730337
1267 0.0352695379899941
1268 -0.0786241194929104
1269 0.00422079074950638
1270 -0.0142984592379418
1271 0.0370133357944195
1272 0.0090065065485978
1273 0.037931157465791
1274 0.0336996899712128
1275 0.0253518160698217
1276 -0.0145348111534944
1277 -0.00187124833638445
1278 -0.00917438805466233
1279 0.0198547204641188
1280 -0.00153528453867033
1281 -0.00728975640763778
1282 0.0253809901746045
1283 -0.0602253160586498
1284 -0.015614616688423
1285 0.0320884518036358
1286 0.0108058315941547
1287 0.0351917610046601
1288 0.0164081019661433
1289 -0.018063591797893
1290 0.031295676489197
1291 0.0149576645630717
1292 -0.0105584731824214
1293 0.0369043465379537
1294 0.00944848082059783
1295 0.0226623382374754
1296 0.0189680519200154
1297 0.0121836912473251
1298 0.00595582104440315
1299 0.0254574511753607
1300 -0.00458836577917737
1301 -0.046186547930493
1302 -0.0372852173315323
1303 0.0290818236612088
1304 -0.0379068101777717
1305 0.00859963348559573
1306 0.0357407464586159
1307 -0.0348085587388647
1308 0.0216569166786468
1309 0.0210313451424464
1310 -0.0152630222876865
1311 0.0369547968977378
1312 0.0165229639316107
1313 0.00513004141458887
1314 0.0210305329241329
1315 0.0268071769988874
1316 0.0351660585858357
1317 0.0284196186453887
1318 -0.0284231994517427
1319 0.0206323697829543
1320 0.031635655326589
1321 -0.00967271906085627
1322 0.0237952420466399
1323 -0.0201864870796892
1324 0.00774096172658734
1325 0.00554806438889771
1326 -0.00886189655050858
1327 0.00744729776382657
1328 0.0251182899427432
1329 -0.0260802809589043
1330 -0.00920109086682324
1331 0.0295578640147643
1332 -0.000528319907413484
1333 0.0259713419880526
1334 -0.0325450098363313
1335 0.0121037015890033
1336 0.00775165713452859
1337 0.0360179080327511
1338 -0.0915607992107809
1339 0.0284788757963241
1340 -0.032865258693784
1341 0.0345065739018198
1342 0.0282508341237057
1343 -0.00346762291368844
1344 -0.0125699831539859
1345 -0.00543837848970122
1346 -0.0760700172938986
1347 -0.0388342499220856
1348 -0.00318852261450034
1349 0.0189414845929708
1350 -0.00794332655834011
1351 -0.00542054274234226
1352 -0.000803454788195372
1353 0.00167546691861407
1354 -0.0506418620077181
1355 0.0139334361770243
1356 0.015662764381165
1357 0.0332185553347197
1358 0.0326077738283566
1359 -0.00482647151286222
1360 -0.00668039822796031
1361 -0.042128868020308
1362 0.0116593058163241
1363 0.00949873732080306
1364 -0.00504437814120701
1365 -0.021142644392825
1366 0.030824796396787
1367 0.0243815913866541
1368 -0.00717581038412304
1369 0.0200050733360129
1370 -0.0124483867851297
1371 0.0178739007246751
1372 0.0140786300211167
1373 0.0178826188500746
1374 0.0282747824840141
1375 0.0373550203224487
1376 -0.0181280301102399
1377 -0.0147292519391721
1378 0.0307342662482474
1379 0.0198594143653336
1380 0.00265161398857162
1381 0.0292828546107497
1382 -0.0301110320231626
1383 -0.00238580744425841
1384 0.0256836908326668
1385 0.00942934136651444
1386 0.014956717127889
1387 0.00186040695030563
1388 0.00195204627768333
1389 0.0208820444761386
1390 0.00151421972855938
1391 -0.000745238912631709
1392 0.0193803622482094
1393 0.0229534813951185
1394 0.0290751922529328
1395 -0.00120062126404775
1396 -0.0100799944125426
1397 -3.99825535735213E-05
1398 0.000132798458859225
1399 0.0227441106918218
1400 0.00931934224734265
1401 0.0276527355721801
1402 0.0362175393796127
1403 -0.0204688172112824
1404 -0.0310593972693094
1405 0.0103917701354417
1406 0.0178761940544327
1407 -0.0228561111196275
1408 0.0020065368626427
1409 0.00438477431608066
1410 -0.00262425550171781
1411 -0.00231969379109003
1412 -0.0186663298350833
1413 -0.0201641043931878
1414 -0.0270145032559429
1415 0.014819788107438
1416 0.0132876232236702
1417 -0.0103959503175949
1418 -0.0317147560154802
1419 -0.00384185071491838
1420 0.029677001797905
1421 0.0309752188320034
1422 0.00393251719768108
1423 0.0362431968165506
1424 0.00309551982030379
1425 0.0252544510060037
1426 0.0339654928351943
1427 0.00530081653840031
1428 0.00189234255992023
1429 0.0150467640240672
1430 0.0213430956716453
1431 -0.0353980543919203
1432 0.0135061560020211
1433 0.0286325252762184
1434 -0.0192089706757953
1435 0.0348388049603389
1436 0.0328422107878702
1437 0.00257106497839921
1438 0.0123779837298771
1439 0.020387862129269
1440 0.0227091567554306
1441 -0.00798853933632285
1442 0.0290608403755551
1443 -0.0242262470647558
1444 -0.0131349663526637
1445 0.0157472893148465
1446 -0.0394257721961689
1447 0.0345996603635748
1448 -0.0111423591719039
1449 0.0155897279004436
1450 -0.0061187846627627
1451 0.034324505116452
1452 -0.0157532402763881
1453 0.0221879273577792
1454 0.0292075541049395
1455 0.0230585436577753
1456 -0.0296222433198826
1457 0.0223857006408378
1458 5.24719130859108E-05
1459 -0.00607656288475236
1460 -7.0388516618107E-05
1461 0.0359850336322241
1462 0.0100748055789613
1463 0.00186920224507527
1464 0.00132680686432586
1465 0.032871606740382
1466 -0.00205086935175972
1467 0.0233507953629106
1468 0.0258046127760659
1469 0.0181766902250483
1470 -0.0231172270845814
1471 0.0114969175664122
1472 0.0189221258609645
1473 0.016136884237787
1474 0.0317389415405818
1475 0.0191943501450485
1476 -0.0135156640998516
1477 0.0179801804639433
1478 -0.00554325547582175
1479 -0.0241095750883592
1480 0.0301801342223452
1481 -0.0308069119930604
1482 -0.0124507798783709
1483 -0.0632901595812961
1484 0.00392007539417721
1485 0.027231733069522
1486 0.013320603490126
1487 0.0126827911322249
1488 0.0194957798761745
1489 0.0200318429403695
1490 0.00454457124723951
1491 -0.00116650747888888
1492 -0.00699034264488312
1493 0.0223669210601503
1494 0.00676641629931454
1495 0.034344962320469
1496 -0.000620169883372559
1497 -0.0241336475384634
1498 0.0320765699928091
1499 -0.0257016190220978
1500 -0.00105594075026388
1501 0.0320243798237565
1502 -0.0102028254234498
1503 0.0127540958802041
1504 0.00904313892194043
1505 -0.00995444833709471
1506 -0.0165955956867727
1507 0.00917468961544236
1508 -0.0174845540318899
1509 0.0331010529486809
1510 0.0156199401383238
1511 -0.0153947973781841
1512 0.0145491844476353
1513 -0.00149936369358952
1514 0.0190955475218924
1515 0.00231864945590739
1516 0.0341643707195153
1517 0.0134674307433235
1518 0.00453692751913539
1519 -0.00900590800323671
1520 0.0333143555048027
1521 0.0248041213075048
1522 0.00823233671880497
1523 -0.00795728819096998
1524 0.00220276382747093
1525 0.0307583694421743
1526 0.035176751653653
1527 0.0285801610295035
1528 0.0232503565500541
1529 0.00941134266103918
1530 0.0125983297061102
1531 0.0190141651289123
1532 0.0304804977172921
1533 -0.0395681477839152
1534 -0.00884406490039853
1535 0.0248200188309136
1536 0.00204994587349727
1537 0.0155755079193813
1538 -0.00568683810012966
1539 0.0304801843816047
1540 -0.0491083003168898
1541 0.0230170066393622
1542 0.0145253788142352
1543 -0.00457027571989029
1544 -0.0268370570943607
1545 0.030295734184085
1546 0.0165516473616057
1547 0.00913720652719894
1548 -0.0198689398244064
1549 -0.00542090569283991
1550 -0.00728954608655299
1551 0.0178044939910461
1552 -0.0179351153012423
1553 0.0202741144454341
1554 0.0200285271456699
1555 0.022961760449411
1556 0.016503431416411
1557 0.0126299684630795
1558 -0.0392660059718186
1559 0.0156440100780096
1560 0.0274481627335272
1561 -0.00633525846303978
1562 0.0240234782925386
1563 0.00490454513359207
1564 -0.017073916507574
1565 -0.0112081963909158
1566 0.00259940274549902
1567 0.00580869038756977
1568 0.0185890706340403
1569 0.00799840801741966
1570 0.0294964895920534
1571 -0.0185578849385139
1572 0.0109319827671019
1573 0.0064993675211194
1574 0.0285721940876233
1575 -0.00369971104123978
1576 0.00106437697719319
1577 0.00903393662425654
1578 0.00531793149740941
1579 0.0268547448429974
1580 0.0327877297344356
1581 0.0296758088510447
1582 0.0189392224107894
1583 -0.0182798672871309
1584 0.0333641870930892
1585 -0.0151893949122106
1586 0.0205103599726612
1587 0.00901840188385333
1588 -0.0200656764233631
1589 -0.000973642353526975
1590 0.023081639144344
1591 0.030288796909573
1592 0.0274444895763676
1593 0.0196497795010823
1594 0.0131323340840763
1595 0.0293503945393001
1596 0.0341886312710194
1597 -0.00708273896439923
1598 0.00179380645805704
1599 0.0271937711565354
1600 0.021397400636898
1601 0.0280706770381756
1602 0.0328728095428444
1603 -0.0228558343504488
1604 -0.0165217057769789
1605 0.02785995443989
1606 0.00306780065642494
1607 0.0206497332712486
1608 -0.00316860711465031
1609 0.00528107434791483
1610 0.0115570481047459
1611 -0.0144722408150456
1612 0.0229305224744824
1613 -0.00297725035375351
1614 0.00697952465311822
1615 -0.019129656047342
1616 -0.0361076534959336
1617 0.0134176930706457
1618 -0.0570646728112227
1619 0.0228418973726604
1620 0.00672503210944995
1621 0.0316408131744005
1622 -0.0145621348156945
1623 0.0226561743726099
1624 -0.031665527359921
1625 0.0215175725252203
1626 0.0296350614228487
1627 0.00581036158847713
1628 0.0310925268865861
1629 0.0314011526974979
1630 -0.00400556141965207
1631 -0.00557387879082286
1632 0.0287093724348633
1633 0.0165983307905624
1634 -0.0124724790957003
1635 0.0325509400275096
1636 0.0336184841957307
1637 -0.00255385607119624
1638 0.0188571213346321
1639 0.00343646215222472
1640 0.0144196395559412
1641 0.0198509407738306
1642 0.0121255065603477
1643 -0.0217021448932208
1644 -0.0016255995347005
1645 -0.0263709933203513
1646 0.0137876515577175
1647 0.00921574149997648
1648 0.0210027630282973
1649 -0.029275177328061
1650 0.0257556871118033
1651 0.0290218608397301
1652 0.013895592551011
1653 -0.00451124335659222
1654 -0.00456724720435205
1655 0.00616165515961687
1656 -0.0124676881987513
1657 0.00972643040983578
1658 0.0200028635906891
1659 0.0313212009909124
1660 0.0306426359764056
1661 -0.0219371081985498
1662 0.0335531413465786
1663 0.0285109161493656
1664 0.0252570681324603
1665 0.0280097473668791
1666 0.00537307853216681
1667 0.0248787280157263
1668 -0.0316101829584557
1669 -0.00396573143192974
1670 -0.000850973014002568
1671 0.0216911162949612
1672 0.00396312752522136
1673 0.0331299134155114
1674 0.00238651560077083
1675 -0.073946300946093
1676 0.00568590496353465
1677 0.0252803149976475
1678 -0.0165692065387975
1679 -0.0273464878303729
1680 0.0151698025379608
1681 0.0318582492545231
1682 0.0216881509003767
1683 0.0328306766608725
1684 -0.00851833520729386
1685 -0.0063859668904365
1686 0.0269175111123993
1687 0.00503636968031673
1688 0.0309540346414028
1689 -0.00655960190094387
1690 -0.00255270413227782
1691 0.0277738771427073
1692 -0.00139517062681136
1693 0.0304511948131224
1694 0.0202919238908164
1695 0.0168996456707248
1696 0.0304570703810099
1697 0.0313666754390257
1698 0.0169835782362192
1699 0.0137989526360383
1700 -0.0176409937859014
1701 -0.00143380169953491
1702 0.0215497053606046
1703 0.0203074019001537
1704 -0.00522740578191747
1705 0.0323091379028473
1706 -0.000746177180713209
1707 0.0230437484909171
1708 0.0044171988885821
1709 0.0313562777987543
1710 0.0256615779890027
1711 0.0296940723863985
1712 0.0331870300666784
1713 0.0303173516407649
1714 0.0319140982715373
1715 0.0313641948413718
1716 0.0233370064109373
1717 0.00992435247374262
1718 -0.0290188359129164
1719 0.030621453765256
1720 0.0122164892464648
1721 0.0193353292530906
1722 -0.0300009003497331
1723 -0.00032504671864296
1724 -0.00651517911995024
1725 0.0214324176141077
1726 -0.0410287622311774
1727 -0.00857168902296614
1728 0.0272562434325949
1729 0.0322823769639548
1730 0.0282198653029623
1731 0.0183711333135158
1732 -0.00955575547913005
1733 -0.00204985304212973
1734 -0.0191325757819025
1735 0.000348147116420804
1736 -0.00228865967407776
1737 0.0208575570114667
1738 0.027024910973011
1739 0.0144465214179457
1740 0.0220505082590531
1741 -0.0109045910594632
1742 0.00136764841274099
1743 -0.0291909940301354
1744 0.0267528105256237
1745 0.016301462265218
1746 0.02040284834153
1747 0.0134223004177826
1748 -0.0274204107427288
1749 0.0261118406002185
1750 0.0142837416893145
1751 -0.00280226181306518
1752 0.0115064077120744
1753 0.0144287403433598
1754 -0.00596437176737191
1755 0.0249443088474311
1756 0.0182660660788402
1757 0.0305541751034823
1758 0.0113485090064675
1759 -0.0218860741527786
1760 0.0196656330758706
1761 0.00985500094396773
1762 0.0138259386606233
1763 -0.0123231005276046
1764 0.0209133914305499
1765 0.0217371246731353
1766 0.00943966244283093
1767 0.0284864317646923
1768 0.025727869163996
1769 0.00739738426996033
1770 0.0309016535463366
1771 -0.0528829013088055
1772 0.0206292972997873
1773 0.00413984120519933
1774 -0.00220911517082501
1775 0.0230643850626038
1776 0.0273201433058645
1777 0.0258128691879737
1778 0.00992842836872578
1779 0.00477697868980961
1780 0.0141887297818307
1781 0.0223248418222108
1782 -0.000758370193986294
1783 0.0151038880893572
1784 0.0059981748067185
1785 0.000732459817710134
1786 0.0200650676855928
1787 0.015006117205528
1788 -0.0573537566113499
1789 -0.0275303962441767
1790 -0.0225618918263125
1791 0.0162033116049538
1792 0.0106397661347794
1793 -0.0312438800113651
1794 0.025933946072216
1795 0.0252723415451752
1796 0.0180377155027927
1797 -0.0029524721803604
1798 -0.0170163611198431
1799 0.00825324055355552
1800 0.0275260838201712
1801 -0.015656167186846
1802 0.0188564464514956
1803 0.0234447716472565
1804 0.00783358625360758
1805 -0.00630905308354922
1806 0.0239904134392442
1807 0.00851800222995896
1808 0.0168912431478191
1809 -0.00524211330992766
1810 0.0195089378441389
1811 0.0275374621487439
1812 0.00168962573138686
1813 0.0267263597460141
1814 0.00816329623958354
1815 0.0235606094573843
1816 -0.032754702430031
1817 -0.014185706207457
1818 0.0121630395614427
1819 0.023759814305841
1820 -0.00786827636686591
1821 0.0232756516134123
1822 0.00403708940987328
1823 0.0130010865013074
1824 0.0254860152302693
1825 0.017416293161204
1826 0.0137640878791107
1827 0.0235195747020717
1828 0.0225142970909096
1829 -0.00750272511136796
1830 0.0198647502684231
1831 0.0145916659436438
1832 -0.020830218250696
1833 0.000995896623862721
1834 0.0199246758596461
1835 0.0207564798287813
1836 0.00953537849021439
1837 0.021600989557133
1838 -0.000314322054669677
1839 0.024956813466303
1840 0.0282224511082172
1841 0.00708961937838359
1842 0.0309538862698111
1843 0.0107236956003883
1844 0.0312893721568186
1845 0.0171344304704675
1846 0.017094337659069
1847 0.0213728870695657
1848 0.00172379197212429
1849 0.0193477650355814
1850 -0.0269936810536991
1851 0.0277049668709746
1852 0.00796060706671151
1853 -0.0136763647138671
1854 0.00990412426417754
1855 0.00778321654645545
1856 -0.0228095198404493
1857 0.0206687358007221
1858 0.00948323754663433
1859 0.0230734796404097
1860 0.00902035756077611
1861 0.0284727728799837
1862 0.0180702898851445
1863 -0.0105770610636458
1864 -0.0201115582941515
1865 0.000601757816503616
1866 0.0201644654382122
1867 0.00615992150823642
1868 0.0166101413316385
1869 0.0278875964753126
1870 0.0150627640554782
1871 -0.0228022009432359
1872 0.00723395500419591
1873 0.0299101066237291
1874 0.0180305744980979
1875 0.0207680256844324
1876 0.0153563069312204
1877 -0.0215405587055529
1878 0.0310242582397448
1879 -0.0165674352529208
1880 0.00519924825238516
1881 0.0257550291337871
1882 0.0253725296089659
1883 -0.0340775580800987
1884 -0.00132774083690919
1885 0.00020935832417205
1886 0.00924665263645263
1887 0.0302612870240244
1888 0.00312860167484937
1889 -0.00674149324355597
1890 0.0272626843915564
1891 0.0125746995010952
1892 -0.00268042341302716
1893 -0.00906714724844002
1894 0.00641394857443886
1895 0.028584068533143
1896 0.0269201122673097
1897 -0.0224846659243194
1898 0.0105750256899517
1899 -0.0160709477427545
1900 -0.0877403108701099
1901 0.0216534842188711
1902 0.0290193961246488
1903 0.0236134175145348
1904 0.00980826970087107
1905 0.0309723081467422
1906 0.0242264430324125
1907 0.0264681289667554
1908 -0.00744094439674244
1909 0.0112148537852222
1910 0.0314455266388939
1911 0.00850878115706901
1912 0.0151396492544836
1913 0.0296995469461983
1914 0.0181035538341823
1915 0.0284910308562893
1916 0.0156594007273219
1917 0.0301306155082187
1918 -0.00889540881122362
1919 -0.000626596290171227
1920 0.0307966737437932
1921 0.00655215997419302
1922 -0.0163584584170629
1923 0.0304204487116778
1924 -0.0103235709077857
1925 0.0270200027429146
1926 0.00700750965792652
1927 0.0174319896042696
1928 -0.00679541410230672
1929 0.0201836085251343
1930 0.0257893674396952
1931 0.0161915996946885
1932 0.00820519236525121
1933 -0.0110656667521928
1934 -0.000296664337315261
1935 0.0197206102896729
1936 0.00941475156692268
1937 -0.0153470657468918
1938 -0.0161718252642207
1939 -0.0405907312103838
1940 -0.0382580968338685
1941 0.0118959714126566
1942 0.0273135154232033
1943 0.0202476862113132
1944 0.0215633328233075
1945 -0.00691966296511073
1946 0.0222817097268706
1947 0.0222527532526241
1948 0.0141449907274344
1949 0.0304823872041686
1950 -0.00378775600789331
1951 -0.0431167110491303
1952 -0.00345266236728462
1953 0.0293449673136922
1954 -0.0325407982487634
1955 0.00199341574822797
1956 0.0222233542491904
1957 0.0042494973969005
1958 0.024393790404818
1959 0.0279359165546932
1960 0.0177072511608878
1961 0.0207281647695698
1962 0.0253678228085378
1963 -0.0113456000513505
1964 0.0160474150002721
1965 -0.00471724638683453
1966 0.00326551401208692
1967 0.0215008253361318
1968 0.0226163262890492
1969 0.0275364456907485
1970 -0.0185264225170829
1971 -0.00954085351067988
1972 0.00661823971852798
1973 0.00986550429971936
1974 0.0225912885741175
1975 0.0236645229240514
1976 0.0254433474190369
1977 0.0105732378316714
1978 0.0235399064642269
1979 0.00995545962024826
1980 0.0152944528056843
1981 0.02606804868199
1982 -0.0207853137581723
1983 -0.0252802090878789
1984 -0.00375083397646801
1985 0.0241626912050811
1986 -0.0340297781140018
1987 0.0188701461981186
1988 -0.054816909216606
1989 -0.00135995329615366
1990 0.0267972250664617
1991 0.0248115077626282
1992 0.0110468786970204
1993 0.0132815588938207
1994 0.00418347951224274
1995 0.0223637323293125
1996 -0.0329564128995794
1997 0.00846919897112104
1998 -0.000571859247103915
1999 0.0114788100026189
2000 -0.0202821944950988
2001 0.0279809733418819
2002 -0.016550703635456
2003 -0.00477544728968083
2004 -0.0141974729444026
2005 0.00451688710281194
2006 0.0200392960285199
2007 0.00959572103001419
2008 0.0243956627464436
2009 0.00725152199930831
2010 0.00534842410279408
2011 0.00773954203905278
2012 -0.0327921528754419
2013 0.0254607295417772
2014 0.0133392137158687
2015 0.0176425843546093
2016 0.0110089264720657
2017 0.0159573098676444
2018 0.011808980373085
2019 -0.0006724431296736
2020 0.0155408524206871
2021 0.0220196608837842
2022 -0.00100675689832368
2023 0.0262082130422658
2024 0.0213242871000709
2025 0.0148413696923922
2026 -0.0168918941374893
2027 0.0214720647242851
2028 0.010349343360409
2029 0.00530792104096536
2030 0.0257981100617884
2031 0.0157590349600593
2032 0.00760667249762501
2033 -0.0412950670066623
2034 -0.0369025734502031
2035 -0.00999153767341922
2036 0.0269772173061745
2037 0.00411876675353353
2038 0.00765686340480319
2039 0.0261471603829626
2040 0.0176958619631804
2041 0.0271455337792244
2042 0.00357172723528302
2043 0.0263995134130393
2044 0.0019796447401014
2045 0.00755919712163065
2046 0.0107942420723854
2047 -0.0184243944977584
2048 0.00186824336256336
2049 0.00992546906546365
2050 -0.0503365791706915
2051 0.0182320647322037
2052 0.0190831568665742
2053 0.0201703418565706
2054 0.0107652727542476
2055 0.0172514870757005
2056 -0.022714500732202
2057 0.0193652995692902
2058 -0.00748178157391002
2059 -0.0271965310966563
2060 -0.0429753120513756
2061 0.00918885536368096
2062 -0.0365926211445434
2063 0.0134198745790047
2064 0.0064200861405023
2065 -0.0118083239518496
2066 -0.0651963628284953
2067 0.0140629446472533
2068 0.0302572855829562
2069 -0.036344289935898
2070 0.0175297363620268
2071 0.0102341783000398
2072 0.0260554356610628
2073 -0.0077597081405421
2074 0.00946777609505019
2075 0.0276158655567244
2076 0.0196371662570943
2077 -0.00322083973259601
2078 0.00138537136752551
2079 0.023080138270118
2080 0.00691550556412442
2081 0.0116894283470659
2082 -0.0168777894173756
2083 0.0220373703066316
2084 0.0130356215857079
2085 -0.001094697033242
2086 0.00879448254144327
2087 0.0284860715522768
2088 0.00489489581770403
2089 0.0285791811440982
2090 0.00602988274005617
2091 0.012816449651038
2092 0.000879292091601699
2093 0.0293468224393222
2094 0.0148142035253486
2095 0.0141334575560595
2096 0.00371299209908709
2097 0.0144036620885943
2098 0.00672743441619833
2099 -0.0654386653393167
2100 0.0198860177265794
2101 0.0193760084709292
2102 0.0179093313773899
2103 0.0151654247911386
2104 -0.0094683448891927
2105 -0.00909010533829888
2106 -0.0277973997892483
2107 0.0275278753944425
2108 -0.0172299257690527
2109 0.0243987128477963
2110 -0.0296030077625893
2111 0.0255766405821001
2112 -0.00455453865490344
2113 0.0288620708510093
2114 0.00286971838987298
2115 0.0134157214222693
2116 0.0220398931658619
2117 0.0188876136948988
2118 -0.0380716886582248
2119 -0.0138855235702879
2120 0.0218019606680499
2121 0.0229486721650294
2122 -0.0204020693434072
2123 0.0147339431348046
2124 0.00639599084668876
2125 0.0275094240133249
2126 -0.0123740928010073
2127 0.0205981494415797
2128 0.00443210247110094
2129 -0.00274789974199493
2130 4.56635368805552E-06
2131 -0.011824193867191
2132 0.0282236839514565
2133 -0.02599040042226
2134 0.0137725943994876
2135 -0.000473440406973911
2136 0.0120227089543795
2137 0.00285641089530681
2138 -0.00517653111076757
2139 0.00224484830811559
2140 0.019935062087919
2141 0.00630882243081581
2142 0.0283635749341248
2143 0.0035308364160468
2144 0.0137315906728121
2145 0.0221506104811112
2146 0.0252542406486446
2147 -0.0120402782730604
2148 -0.004341596955036
2149 0.0169308526019364
2150 0.0106920233067066
2151 0.0286872056170909
2152 0.0121170828606954
2153 0.024640385701208
2154 0.025084599681842
2155 0.0165087229292067
2156 0.0293728623027026
2157 0.0140860215088452
2158 -0.0140182819338672
2159 0.0104710354479391
2160 0.0220608060736029
2161 -0.0186608684060505
2162 0.0281695295800223
2163 -0.00554699562047944
2164 0.019176530661177
2165 0.00658307252907759
2166 0.0250770901795364
2167 0.00962068665928483
2168 0.00998135428980783
2169 0.0295846437634749
2170 0.0272916727129603
2171 0.0248352067175623
2172 0.00335464844205398
2173 0.0275261095024063
2174 0.016641082694009
2175 0.0259413963560153
2176 0.00279428995474343
2177 0.0233702628486096
2178 0.0189709842325217
2179 0.0120170942236234
2180 0.0127988633693181
2181 0.00543024745152658
2182 -0.0448433023095814
2183 0.0147956280201198
2184 -0.01705279255571
2185 0.0200674986047873
2186 0.00713329547394669
2187 0.025176190240649
2188 0.0126189769306508
2189 0.00634950520452084
2190 0.00646147622470003
2191 -0.0309928962417022
2192 0.0193822304942589
2193 0.0245314989623677
2194 0.0140737091229851
2195 0.0158634040049786
2196 0.0173531452115767
2197 0.0138652810129447
2198 -0.0153612805001901
2199 0.0167780474274688
2200 0.0122186760073244
2201 -0.00275929383025402
2202 0.00577340206087662
2203 0.0121149631199366
2204 0.0117884280948178
2205 0.0192158596715854
2206 -0.00251546268917612
2207 -0.00293167729210497
2208 -0.00200267908809849
2209 0.0212694958340433
2210 -0.00807175295914306
2211 0.025797334404709
2212 0.0157454999923919
2213 0.00503306096637856
2214 0.0252737201370278
2215 0.000713036097046454
2216 0.00389004211328991
2217 0.0261956604158286
2218 -0.0189200293069868
2219 0.00927051823959652
2220 0.0238141556226792
2221 -0.0288240264244658
2222 0.0194318372794158
2223 0.00218628013497943
2224 0.019097697366844
2225 -0.0037291586071175
2226 0.0113904198165306
2227 0.0140035612449416
2228 0.0235438509570887
2229 -0.0102067091001512
2230 0.0214081500370153
2231 -0.014306937872799
2232 0.0177184995410774
2233 0.0217714814123205
2234 -0.000843879886349885
2235 -0.0308209838641495
2236 0.0265242847348452
2237 -0.0148717995711903
2238 0.0287202073832344
2239 -0.0151019285741413
2240 -0.0232958978308277
2241 -0.0129746858470615
2242 -0.0182674968788923
2243 0.0105120170773191
2244 0.00709047735555229
2245 0.0176946743387008
2246 -0.0255550105085894
2247 -0.0167324081029768
2248 -0.00599636376375013
2249 -0.00794768109269638
2250 0.0206884796912374
2251 0.0250599828463372
2252 0.00931232450854457
2253 -0.0127465276049364
2254 0.0262542492724383
2255 -6.73267623184752E-05
2256 -0.0289367661846115
2257 0.0157194292766027
2258 -0.00769451189002654
2259 -0.0236877201412811
2260 0.0210685104303414
2261 -0.00794219837907338
2262 0.0165059070668757
2263 0.00504901399915436
2264 -0.00758091394508845
2265 -0.00997055778721456
2266 -0.00298155948249491
2267 0.0170258817209905
2268 -0.0369399988395482
2269 0.00594237033380664
2270 -0.0192659558553922
2271 0.0264806133727325
2272 -0.0153765175225993
2273 0.0212721924036829
2274 -0.0189409923353753
2275 0.0242967810069386
2276 0.0209078037819956
2277 -0.00306824201784326
2278 -0.00539632852682357
2279 -0.00893950315158836
2280 0.00154950370244416
2281 0.00443802893317393
2282 0.00153282699562438
2283 0.00720063164164416
2284 0.0259416613658407
2285 -0.0140111146576072
2286 0.0129879799637704
2287 0.0175964530521139
2288 0.00482890408446857
2289 -0.0100828201029817
2290 0.0233919849103378
2291 0.00992532024524399
2292 0.0130698969739986
2293 0.0143961255586783
2294 -0.0133234329096489
2295 0.00840198571828417
2296 -0.0110461842653664
2297 -0.00279077758367754
2298 -0.00883257992354485
2299 0.0213546186121475
2300 -0.0253546787141845
2301 0.00246845426512146
2302 0.00370668176076605
2303 0.0264363793059598
2304 -0.00459562592769233
2305 -6.590835590271E-05
2306 0.0128699402904888
2307 -0.0108573053204822
2308 -0.00285787809207628
2309 -0.00229274844393124
2310 0.0138832041809319
2311 0.0277681196970678
2312 0.0202216704014967
2313 0.00393888405230566
2314 0.000815609010282659
2315 0.0155004607965045
2316 0.0192373731715952
2317 0.0211871265982699
2318 0.0109168234260589
2319 0.00214054096888014
2320 0.0256874534416178
2321 -0.013756698548049
2322 -0.0157587995569751
2323 0.0279139635718674
2324 -0.00903043131254459
2325 0.0081597956348528
2326 0.026123212438393
2327 0.0286424134450379
2328 -0.00781394711964315
2329 0.028493877476983
2330 0.00209077944567537
2331 -0.014327789542992
2332 -0.00546623656722172
2333 -0.0114152951670911
2334 0.0128781562197136
2335 -0.0109286694307457
2336 -0.0193557697209984
2337 0.020758801750394
2338 0.00920183189109758
2339 0.0178914745921028
2340 -0.00231159867561882
2341 0.0272911994863076
2342 0.0146631898724067
2343 0.0287121000798097
2344 -0.00897063246502456
2345 0.0178674925510076
2346 -0.00242240870054321
2347 -0.00128013012794971
2348 0.000749171979701858
2349 0.0274652102533341
2350 0.0170109307171245
2351 -0.0140637178079904
2352 0.0163281493595979
2353 -0.0122856054272179
2354 0.0234660683976748
2355 -0.00839839824250136
2356 0.0273381723051164
2357 -0.0124578382442991
2358 0.00618041496942467
2359 0.0209848988125205
2360 -0.0174134042393544
2361 0.0176032519836829
2362 -0.00269072967665735
2363 0.0146647139861676
2364 0.00721047842061561
2365 0.0152463575861949
2366 0.0047888943915242
2367 -0.0243390882982008
2368 0.0125901151383812
2369 -0.00155796015987001
2370 -0.0106351537231452
2371 0.0255466409128511
2372 0.00647847002381662
2373 -0.00936033519659059
2374 0.0282044258491445
2375 -0.0228664741231296
2376 0.0155425650082825
2377 0.00458607438923433
2378 0.00031426393062349
2379 0.00654190323096348
2380 0.0110172139341474
2381 0.01439041859167
2382 0.0214031606816462
2383 0.00991610043959716
2384 0.0223301705289064
2385 0.0233510359547209
2386 0.00335630925291376
2387 0.0280444728819313
2388 0.0187167302352803
2389 -0.0112219002201514
2390 -0.00700928983574645
2391 -0.011745750793507
2392 -0.0205689647515786
2393 -0.0110525246030908
2394 -0.00737928083608595
2395 0.0125544932302172
2396 -0.010670586009299
2397 -0.00157527855258091
2398 -0.0101738187299454
2399 0.00838749039242761
2400 0.0186225103271747
2401 0.016201671402027
2402 0.00363065073493141
2403 -0.0174012211122046
2404 0.00244739734668033
2405 -0.0110614739508776
2406 -0.00365591133495625
2407 -0.0118424809159149
2408 -0.0117203677764795
2409 0.00903374985402928
2410 0.00278135596255446
2411 0.0129175398137454
2412 -0.0263766778537755
2413 0.000533053682694552
2414 0.00463411235007201
2415 0.010775782125478
2416 -0.0151012914420626
2417 -0.0295299375246559
2418 0.0198347434716437
2419 0.0165755313682652
2420 -0.021629726491129
2421 0.000609187717986237
2422 0.0124114215849818
2423 -0.0176495707519758
2424 -0.0023379265641089
2425 0.00482860512846038
2426 0.00775660353987852
2427 -0.0086897349116066
2428 -0.00812407155146631
2429 0.0130618788045163
2430 0.0137562081230395
2431 0.0256698648778216
2432 -0.0144027870316319
2433 -0.0258258379446135
2434 0.00981498706470262
2435 0.0283329628144596
2436 -0.0264102398995079
2437 0.0186626385616727
2438 0.023432193444257
2439 0.0174965098773146
2440 -0.0123705856669213
2441 0.0241224437743361
2442 -0.00172501176154212
2443 0.000293232648446627
2444 0.0047585321689691
2445 -0.00118742179567563
2446 -0.00255191329060098
2447 0.0131995150578886
2448 -0.00783127750012938
2449 0.02638911443864
2450 0.00135413212570805
2451 0.0234708625424908
2452 0.0155438636861311
2453 0.0138966953443129
2454 0.0195623696856546
2455 0.00955011653675982
2456 0.00909885190264487
2457 0.019464628332567
2458 -0.00444075816489534
2459 -0.00993535359896359
2460 0.00182177214280188
2461 -0.0137466088605165
2462 -0.00435212983320737
2463 0.021782965339273
2464 -0.00522075095375422
2465 0.0178178332378894
2466 0.00540658732336332
2467 -0.0363730588853547
2468 0.00596296525228739
2469 -0.0138382068788966
2470 0.0187225712042503
2471 0.00390786806959081
2472 0.0132931379798762
2473 -0.00464707501430555
2474 0.00430343851497368
2475 0.0223299511530243
2476 -0.0201610664643382
2477 0.00128395834648711
2478 0.0063505654459659
2479 0.0141701222620877
2480 -0.00123129781015624
2481 0.00575043794934364
2482 0.00118703510931409
2483 0.0118387550600665
2484 0.0240706033446927
2485 0.0225675133193833
2486 0.00894920530327836
2487 0.0149773351314226
2488 0.0181640864407675
2489 0.0248192510575068
2490 -0.0076155467005416
2491 0.00802459707181569
2492 0.0268567954203293
2493 -0.0124095949900717
2494 -0.00645817211717747
2495 0.00450268828382626
2496 0.0148008474268353
2497 0.000296568096488283
2498 0.0178934533930894
2499 0.0057524169951159
2500 0.0133628295807129
2501 -0.00142485869222906
2502 -0.00366438964489173
2503 0.00337372770138131
2504 0.00463894555806453
2505 0.00411336314403138
2506 0.0197000557108264
2507 0.0214510175573874
2508 0.00412326109708312
2509 0.0204611101346641
2510 -0.0252978859184875
2511 -0.0212456805759938
2512 0.0227352313072681
2513 -0.0109237675810582
2514 0.0177513103373579
2515 -0.0206923352059423
2516 0.000994217427195538
2517 -0.0109997840973826
2518 0.014828104728391
2519 0.0190038210941164
2520 0.00632758413666477
2521 -0.0187635550940422
2522 0.0162305203445882
2523 0.0174197939557541
2524 0.0151327959479855
2525 0.00168535609474431
2526 0.00166552759146082
2527 0.0096335609665304
2528 0.027838318616585
2529 0.0200688999298678
2530 -0.00711267039418203
2531 0.00403101906344401
2532 -0.000767075960674341
2533 0.0166295032845597
2534 0.00572962255128562
2535 -0.00527530172770488
2536 -0.00489329562433952
2537 0.00808597821421882
2538 -5.18717322305073E-06
2539 0.00205823322244223
2540 0.0107636668983609
2541 -0.00567187040598019
2542 0.00188275763063712
2543 -0.00285718265840843
2544 0.0229326007543562
2545 0.00494785588889802
2546 0.00844576268273113
2547 0.00281147563915133
2548 0.0185396719127927
2549 0.0262478171682401
2550 0.0206526120544729
2551 -0.0155708349203107
2552 -0.00141844868517629
2553 -0.00627881754619606
2554 0.00923780944048444
2555 0.00668851552389696
2556 -0.0258949942301728
2557 0.026099462155577
2558 0.00329413928879926
2559 0.0179155701188221
2560 0.00449072107161289
2561 0.0200514478927148
2562 0.000427380852305228
2563 -0.0100647476468433
2564 0.0121224396873723
2565 0.00063744452386447
2566 0.0062449584327254
2567 0.0118768025166317
2568 0.0177924300265986
2569 -0.0115687875340205
2570 -0.0421987667955912
2571 -0.0094612417955392
2572 0.024143029888221
2573 0.0256793006235644
2574 0.010956860599088
2575 -0.00250742216498851
2576 0.0219345031917367
2577 -0.0165776073859429
2578 0.0209006758045349
2579 0.0197063619429785
2580 -0.00368961533205475
2581 -0.0182232055390934
2582 -0.0237017918460523
2583 -0.0156860026966274
2584 0.0210022905818949
2585 -0.00378645952534472
2586 0.0244671768633188
2587 0.000795601119562259
2588 -0.00549861092826906
2589 0.0190974873666152
2590 0.0106298868522646
2591 0.0222605124814256
2592 0.00818011505038269
2593 -0.0134632682758543
2594 0.00874075733489105
2595 0.000527996224423437
2596 0.0213712192363884
2597 0.0160414798719093
2598 -0.00519202941251623
2599 0.0153649138754012
2600 0.0049530431329305
2601 0.0120265148160391
2602 0.0142974927632976
2603 0.0109188296697912
2604 0.00686360695106389
2605 0.0263897331530192
2606 -0.0176325291252052
2607 0.0149369000745039
2608 0.0175746929419311
2609 0.0262452112699459
2610 -0.0068366879796395
2611 -0.0237273517282739
2612 0.0159114901819688
2613 0.0232081331230797
2614 0.0237771001606698
2615 -0.016381078364734
2616 -0.0263865045721492
2617 -0.00361414249558825
2618 -0.0436958356600577
2619 0.02464867067744
2620 0.00449887260814599
2621 0.0268061857863153
2622 0.00815133584694587
2623 0.0246623691042036
2624 0.0109758562828584
2625 0.0144353699559249
2626 0.0177957257652892
2627 0.022039878357957
2628 0.0199732825604886
2629 -0.00208865655635109
2630 0.0245290543112822
2631 0.00606704932781385
2632 0.00441486713711309
2633 0.0103364886441462
2634 0.0218288484508431
2635 0.0206610559837114
2636 0.0177264515397844
2637 -0.01534722266469
2638 -0.0135219674560617
2639 0.0027721805422661
2640 0.00241529977670443
2641 -0.00389853047689332
2642 0.00333199020898993
2643 -0.00671799979753988
2644 0.00738369435229111
2645 -0.0254071020953145
2646 0.00589878285846272
2647 0.0165169912447148
2648 0.0213788404637082
2649 -0.0197208296791668
2650 0.0214508319871138
2651 0.00134266514230946
2652 -0.00682099766986013
2653 0.00313622518243533
2654 0.0112492897425471
2655 0.0143202310208292
2656 0.0149247201250484
2657 0.0252945842745082
2658 -0.000112994731624769
2659 0.00355957722396674
2660 -0.0146583437110146
2661 0.0150067237712469
2662 -0.00488031919728246
2663 0.00600211741673226
2664 -0.0204101957219785
2665 0.0236659955312678
2666 0.0078366116061943
2667 0.0232482258775012
2668 -0.0150681864391585
2669 0.019949127652831
2670 0.0233782873669937
2671 0.00737384531674328
2672 0.019588621402062
2673 0.023861210460351
2674 -0.0342841053628277
2675 0.0152625619001304
2676 -0.00856147499455441
2677 -0.000877906576762628
2678 -0.00736782099950169
2679 -0.0303519447628697
2680 -0.0196443192781653
2681 -0.00124836927985996
2682 0.00375774330784909
2683 0.0133981095555347
2684 -0.0264678967359808
2685 0.0257425469933457
2686 0.0102223578123389
2687 -0.0197084332672593
2688 0.0234242556281135
2689 -0.0117031376507002
2690 -0.0041239147268194
2691 0.0188041116880346
2692 0.00777841903682047
2693 0.0259948663166239
2694 0.0240650085644258
2695 -0.0243611838153198
2696 0.026111456184866
2697 0.017844465207654
2698 0.0199055946380338
2699 0.0241650235206146
2700 0.00450146127283025
2701 -0.020216153083628
2702 -0.00146312919176035
2703 0.0241932458465293
2704 -0.0065127350985781
2705 0.0186164132956793
2706 0.0101112601545317
2707 0.0185845321563481
2708 -0.0104069243028347
2709 0.0117304207204542
2710 -0.0111721841950806
2711 0.0253374442629317
2712 0.0190888322524098
2713 0.00474348940155065
2714 -0.00466139872738411
2715 0.00446441196156034
2716 0.0129819336352523
2717 0.0250464545652834
2718 0.0195235231098922
2719 -0.0160276184972831
2720 0.00307725987169949
2721 0.0213688383514059
2722 0.0100201775338122
2723 0.0104241346438076
2724 0.0232138040483211
2725 0.015094076933656
2726 0.00663449763999658
2727 -0.0293374584703367
2728 0.0199228475214144
2729 0.0168894013250737
2730 -0.0259364931582053
2731 0.00768003451869809
2732 0.00771455190396861
2733 0.0197442740911343
2734 0.0200738050595765
2735 -0.0226730505623233
2736 -0.0211376544180623
2737 0.0183293791803597
2738 -0.00246598846740493
2739 0.00786795434224608
2740 0.0176642870856
2741 0.0257589684243785
2742 -0.00958907229377914
2743 0.0104791408127029
2744 0.0235077536755573
2745 -0.0099304009879772
2746 -0.00154138278939041
2747 0.0186732470205144
2748 -0.0319067623406801
2749 0.0230424353647649
2750 0.00548964680466644
2751 0.00299060459780063
2752 -0.00691702389798641
2753 0.0142698242468251
2754 0.0233447360759281
2755 0.00788543008215756
2756 0.0259768199148776
2757 -0.00297115095031312
2758 0.0143224011248522
2759 -0.02867123910784
2760 -0.000517807345136134
2761 -0.0031852630645147
2762 0.025340867859568
2763 0.0147127293378033
2764 0.0174092860039496
2765 0.0210802844625204
2766 0.00605113651287915
2767 -0.00544900489339991
2768 0.00801905707278065
2769 -0.0208515403290578
2770 -0.0228569840937534
2771 0.0104868021316174
2772 0.0119347119713891
2773 0.00918974437907875
2774 -0.01334600546846
2775 -0.0158675658114644
2776 -0.00547965265969689
2777 0.011383961911972
2778 0.0147855802090844
2779 0.0155853314738854
2780 0.0251998060994178
2781 0.0242537658128553
2782 0.0239696982843542
2783 0.00965496086199912
2784 -0.0101949505416629
2785 0.00748276789623349
2786 0.0125644591737947
2787 -0.00439703517820021
2788 0.00501816569241295
2789 0.00404555110871097
2790 0.023165635123668
2791 0.0164575566999527
2792 -0.0060048539315196
2793 0.0214664313911763
2794 0.0244905524239911
2795 -0.0126604098003149
2796 0.0208572425521747
2797 0.0140411795003905
2798 -0.00320367103495309
2799 0.00889106799389761
2800 0.0112199551346131
2801 -0.0272518846587484
2802 -0.0429987132154612
2803 0.00655381561834962
2804 0.021385103038642
2805 0.0184942461423639
2806 0.00383525947654317
2807 -0.0112947438514735
2808 -0.0233656974241071
2809 0.0224082912794913
2810 -0.0274367915840999
2811 0.0136519133392327
2812 -0.0273939118719878
2813 0.00216150764020486
2814 0.0256212328259048
2815 0.0242559251657106
2816 -0.0208847819173203
2817 0.00140721167599612
2818 0.00848256729365431
2819 0.00214555175746255
2820 -0.0149636387711814
2821 0.0213848785286156
2822 0.00402131372369761
2823 0.0172562567937959
2824 0.0130495354923698
2825 -0.00885370606536097
2826 0.0132727448263804
2827 0.0161408257896322
2828 -0.0468297451643984
2829 -0.00323881212539199
2830 0.00422882760480758
2831 0.0188308741658025
2832 0.0134935367128403
2833 0.0117213355919659
2834 0.0177241125615394
2835 0.0210970491507403
2836 -0.038460388495573
2837 0.0115357819660696
2838 0.00811767193819055
2839 0.0203897799185789
2840 -0.0121840532042702
2841 0.00465732171565476
2842 0.00755633313418665
2843 0.00876847290301728
2844 0.0218365320322313
2845 0.011130682985468
2846 0.00327456311961212
2847 0.0254915964921217
2848 0.00266203265111353
2849 -0.0304776655945664
2850 0.0126585111823703
2851 -0.00932039790000359
2852 0.0233447580559982
2853 -0.0340709706845955
2854 0.0251138182721724
2855 -0.0233696208816961
2856 -0.000475392068359524
2857 0.0133041529741797
2858 0.0162945624099407
2859 0.0229427088808284
2860 0.0172162846252128
2861 0.0191782898777269
2862 0.0208551749798976
2863 0.010014157662105
2864 0.00292327811119359
2865 0.0196469388977697
2866 0.00371390231250831
2867 0.0230669551947733
2868 -0.00987349132129858
2869 0.0239627275101665
2870 -0.00101024133121562
2871 -0.0380056910203037
2872 -0.0275532142993249
2873 -0.00700619230944941
2874 -0.0181831069661037
2875 0.00332098493969846
2876 -0.0196272864548109
2877 -0.0113808487801456
2878 0.0224824371874553
2879 0.00455929552403076
2880 0.0160466966344357
2881 0.0255931375476947
2882 0.014361752692257
2883 -0.0393237161514086
2884 0.00296723316403041
2885 0.0219692228985068
2886 -0.00871628035306074
2887 0.0122997940527983
2888 0.0224319706956084
2889 -0.0600738317877207
2890 0.00892139183436568
2891 0.0183726832642078
2892 -0.00548858842910297
2893 -0.00174335780287077
2894 0.0235294882311322
2895 0.0190872358986213
2896 0.000824389789505778
2897 -0.0168921713149354
2898 0.0189955746901945
2899 0.00412532455962892
2900 -0.0117512331751629
2901 0.0192479148989479
2902 0.000134201920282805
2903 0.00261883307409219
2904 0.00131394098167213
2905 -0.0228948019856736
2906 -0.0183079801777709
2907 -0.00220076218593598
2908 0.00448777491338654
2909 0.0153789482070178
2910 0.0176787601624232
2911 0.0206263683244809
2912 0.00713194831875618
2913 -0.00237769430607915
2914 0.00576945222161043
2915 -0.005795959610961
2916 0.0155005482805243
2917 0.00372673058564001
2918 0.00417940696762627
2919 -0.00985171819197237
2920 0.00753649313399705
2921 0.00313576274963423
2922 -0.00115208208821458
2923 0.0064694668401623
2924 0.00979493592142949
2925 -0.012503178601178
2926 0.0173704317241222
2927 0.0111059503662696
2928 0.0130305392264776
2929 0.00907971275727732
2930 0.00228869101017964
2931 0.0128735010074991
2932 0.0231090242498923
2933 0.0132355829516592
2934 0.0116623032121963
2935 -0.0512545443784025
2936 0.0110492926909751
2937 0.00666887880677597
2938 -0.0137950051311141
2939 -0.00042304814236881
2940 0.0192909290215599
2941 0.013073873507064
2942 -0.0286446171940205
2943 -0.0128522437388146
2944 0.000987566547473125
2945 -0.00233541541581716
2946 0.00895661998836127
2947 -0.00865327693186663
2948 0.0150865187205191
2949 0.0184882343684019
2950 0.00772156311163379
2951 -0.0165294261922853
2952 0.0235214106992646
2953 -0.0172921546644908
2954 0.0148880696130168
2955 0.0132816219616711
2956 0.000661506313253547
2957 -0.0194288406152462
2958 0.0183846546724114
2959 -0.0204996948042834
2960 -0.0251473222931107
2961 -0.0180963467028202
2962 -0.0207361790720951
2963 -0.0149627377856719
2964 -0.0197419807737204
2965 0.0137803209970301
2966 -0.0272714847782167
2967 0.0142276860201804
2968 -0.00164447355030527
2969 0.0164635118474473
2970 0.0180360181991373
2971 -0.0143896859783719
2972 0.00917318036024607
2973 0.0200150307012901
2974 -0.00850638772630609
2975 0.00888535219799769
2976 0.0124345802956894
2977 -0.00145038342243978
2978 0.0219485201842604
2979 0.00276177130249509
2980 0.00838192363818804
2981 0.0192516797207427
2982 0.00735159298859112
2983 0.0115877015238155
2984 0.00634455193649773
2985 -0.00714793036594193
2986 0.00544595652520074
2987 -0.0216248865111428
2988 0.00536823681396639
2989 0.00400148864432209
2990 0.00680018381059662
2991 0.00126913694178621
2992 0.0231735899891192
2993 0.0243494845362226
2994 0.0106108181140128
2995 0.00526592127377424
2996 0.0252167096856031
2997 0.00952821827324624
2998 -0.0167701163407685
2999 0.00460451852916895
3000 0.000653610191043694
