1 1
2 0.707106781186547
3 0.577350269189626
4 0.5
5 0.447213595499958
6 0.408248290463863
7 0.377964473009227
8 0.353553390593274
9 0.333333333333333
10 0.316227766016838
11 0.301511344577764
12 0.288675134594813
13 0.277350098112615
14 0.267261241912424
15 0.258198889747161
16 0.25
17 0.242535625036333
18 0.235702260395516
19 0.229415733870562
20 0.223606797749979
21 0.218217890235992
22 0.21320071635561
23 0.208514414057075
24 0.204124145231932
25 0.2
26 0.196116135138184
27 0.192450089729875
28 0.188982236504614
29 0.185695338177052
30 0.182574185835055
31 0.179605302026775
32 0.176776695296637
33 0.174077655955698
34 0.171498585142509
35 0.169030850945703
36 0.166666666666667
37 0.164398987305357
38 0.162221421130763
39 0.160128153805087
40 0.158113883008419
41 0.156173761888606
42 0.154303349962092
43 0.152498570332605
44 0.150755672288882
45 0.149071198499986
46 0.147441956154897
47 0.145864991497895
48 0.144337567297406
49 0.142857142857143
50 0.14142135623731
51 0.140028008402801
52 0.138675049056307
53 0.137360563948689
54 0.136082763487954
55 0.134839972492648
56 0.133630620956212
57 0.132453235706504
58 0.131306432859723
59 0.130188910980824
60 0.129099444873581
61 0.128036879932896
62 0.127000127000191
63 0.125988157669742
64 0.125
65 0.124034734589208
66 0.123091490979333
67 0.122169444356305
68 0.121267812518166
69 0.120385853085769
70 0.119522860933439
71 0.118678165819385
72 0.117851130197758
73 0.117041147196131
74 0.116247638743819
75 0.115470053837925
76 0.114707866935281
77 0.113960576459638
78 0.11322770341446
79 0.112508790092602
80 0.111803398874989
81 0.111111111111111
82 0.110431526074847
83 0.10976425998969
84 0.109108945117996
85 0.108465228909328
86 0.107832773203438
87 0.107211253483779
88 0.106600358177805
89 0.105999788000636
90 0.105409255338946
91 0.104828483672192
92 0.104257207028537
93 0.103695169473043
94 0.103142124625879
95 0.102597835208515
96 0.102062072615966
97 0.101534616513362
98 0.101015254455221
99 0.100503781525921
100 0.1
101 0.0995037190209989
102 0.0990147542976674
103 0.0985329278164293
104 0.098058067569092
105 0.0975900072948533
106 0.0971285862357264
107 0.0966736489045664
108 0.0962250448649376
109 0.0957826285221151
110 0.0953462589245592
111 0.0949157995752499
112 0.0944911182523068
113 0.0940720868383597
114 0.0936585811581694
115 0.0932504808240314
116 0.0928476690885259
117 0.0924500327042048
118 0.0920574617898323
119 0.0916698497028211
120 0.0912870929175277
121 0.0909090909090909
122 0.0905357460425185
123 0.0901669634667432
124 0.0898026510133875
125 0.0894427190999916
126 0.0890870806374748
127 0.0887356509416114
128 0.0883883476483184
129 0.0880450906325624
130 0.0877058019307029
131 0.0873704056661038
132 0.0870388279778489
133 0.086710996952412
134 0.086386842558136
135 0.086066296582387
136 0.0857492925712544
137 0.0854357657716761
138 0.0851256530758749
139 0.0848188929679971
140 0.0845154254728517
141 0.0842151921066519
142 0.0839181358296689
143 0.0836242010007091
144 0.0833333333333333
145 0.08304547985374
146 0.0827605888602368
147 0.0824786098842323
148 0.0821994936526786
149 0.0819231920519041
150 0.0816496580927726
151 0.0813788458771159
152 0.0811107105653813
153 0.0808452083454443
154 0.080582296402538
155 0.0803219328902499
156 0.0800640769025436
157 0.0798086884467622
158 0.079555728417573
159 0.0793051585718144
160 0.0790569415042095
161 0.0788110406239101
162 0.0785674201318386
163 0.0783260449987957
164 0.078086880944303
165 0.0778498944161523
166 0.0776150525706333
167 0.0773823232534137
168 0.077151674981046
169 0.0769230769230769
170 0.076696498884737
171 0.0764719112901873
172 0.0762492851663023
173 0.0760285921269706
174 0.0758098043578903
175 0.0755928946018454
176 0.0753778361444409
177 0.0751646028002829
178 0.0749531688995861
179 0.0747435092751936
180 0.074535599249993
181 0.0743294146247166
182 0.0741249316661101
183 0.0739221270954573
184 0.0737209780774486
185 0.0735214622093808
186 0.0733235575106767
187 0.0731272424127131
188 0.0729324957489473
189 0.0727392967453308
190 0.0725476250110012
191 0.0723574605292422
192 0.0721687836487032
193 0.0719815750748694
194 0.0717958158617738
195 0.0716114874039433
196 0.0714285714285714
197 0.0712470499879096
198 0.0710669054518702
199 0.0708881205008336
200 0.0707106781186548
201 0.0705345615858598
202 0.0703597544730292
203 0.0701862406343596
204 0.0700140042014005
205 0.0698430295769578
206 0.0696733014291618
207 0.0695048046856916
208 0.0693375245281536
209 0.0691714463866075
210 0.0690065559342354
211 0.0688428390821514
212 0.0686802819743445
213 0.0685188709827532
214 0.0683585927024663
215 0.0681994339470473
216 0.0680413817439772
217 0.0678844233302131
218 0.0677285461478596
219 0.0675737378399486
220 0.0674199862463242
221 0.0672672793996312
222 0.0671156055214024
223 0.0669649530182425
224 0.0668153104781061
225 0.0666666666666667
226 0.0665190105237739
227 0.0663723311599972
228 0.0662266178532522
229 0.066081860045509
230 0.0659380473395787
231 0.0657951694959769
232 0.0656532164298613
233 0.0655121782080418
234 0.0653720450460613
235 0.0652328073053442
236 0.0650944554904119
237 0.0649569802461631
238 0.0648203723552164
239 0.0646846227353151
240 0.0645497224367903
241 0.0644156626400831
242 0.0642824346533225
243 0.0641500299099584
244 0.064018439966448
245 0.063887656499994
246 0.0637576713063338
247 0.0636284762975778
248 0.0635000635000953
249 0.0633724250524478
250 0.0632455532033676
251 0.0631194403097803
252 0.0629940788348712
253 0.0628694613461931
254 0.0627455805138159
255 0.062622429108515
256 0.0625
257 0.0623782861551805
258 0.062257280636469
259 0.06213697660012
260 0.0620173672946042
261 0.0618984460590173
262 0.0617802063215215
263 0.0616626415978207
264 0.0615457454896664
265 0.0614295116833951
266 0.0613139339484966
267 0.0611990061362105
268 0.0610847221781526
269 0.0609710760849692
270 0.0608580619450185
271 0.0607456739230787
272 0.0606339062590832
273 0.0605227532668802
274 0.0604122093330177
275 0.0603022689155527
276 0.0601929265428846
277 0.060084176812611
278 0.0599760143904067
279 0.059868434008925
280 0.0597614304667197
281 0.0596549986271894
282 0.0595491334175414
283 0.0594438298277764
284 0.0593390829096927
285 0.0592348877759092
286 0.0591312395989083
287 0.0590281336100955
288 0.058925565098879
289 0.0588235294117647
290 0.0587220219514703
291 0.0586210381760549
292 0.0585205735980653
293 0.0584206237836986
294 0.0583211843519804
295 0.0582222509739582
296 0.0581238193719096
297 0.0580258853185659
298 0.0579284446363492
299 0.057831493196624
300 0.0577350269189626
301 0.0576390417704235
302 0.0575435337648436
303 0.0574484989621426
304 0.0573539334676404
305 0.0572598334313868
306 0.0571661950475029
307 0.057073014553535
308 0.056980288229819
309 0.0568880123988574
310 0.0567961834247065
311 0.0567047977123743
312 0.0566138517072298
313 0.0565233418944222
314 0.05643326479831
315 0.0563436169819011
316 0.0562543950463012
317 0.056165595630173
318 0.0560772154092044
319 0.0559892510955854
320 0.0559016994374947
321 0.0558145572185948
322 0.0557278212575353
323 0.0556414884074657
324 0.0555555555555556
325 0.0554700196225229
326 0.0553848775621711
327 0.0553001263609331
328 0.0552157630374233
329 0.0551317846419971
330 0.055048188256318
331 0.0549649709929313
332 0.0548821299948452
333 0.0547996624351191
334 0.0547175655164583
335 0.0546358364708153
336 0.0545544725589981
337 0.0544734710702843
338 0.0543928293220421
339 0.0543125446593568
340 0.054232614454664
341 0.0541530361073882
342 0.0540738070435875
343 0.0539949247156039
344 0.0539163866017192
345 0.0538381902058166
346 0.053760333057047
347 0.0536828127095019
348 0.0536056267418897
349 0.0535287727572189
350 0.0534522483824849
351 0.0533760512683624
352 0.0533001790889026
353 0.0532246295412349
354 0.0531494003452734
355 0.0530744892434275
356 0.052999894000318
357 0.0529256124024963
358 0.052851642258169
359 0.052777981396926
360 0.052704627669473
361 0.0526315789473684
362 0.0525588331227637
363 0.0524863881081478
364 0.0524142418360959
365 0.0523423922590214
366 0.0522708373489317
367 0.0521995750971881
368 0.0521286035142687
369 0.0520579206295354
370 0.0519875244910036
371 0.0519174131651165
372 0.0518475847365213
373 0.0517780373078498
374 0.0517087689995019
375 0.0516397779494322
376 0.0515710623129397
377 0.0515026202624605
378 0.051434449987364
379 0.0513665496937514
380 0.0512989176042577
381 0.051231551957856
382 0.0511644510096651
383 0.0510976130307596
384 0.0510310363079829
385 0.0509647191437626
386 0.0508986598559288
387 0.0508328567775349
388 0.050767308256681
389 0.0507020126563394
390 0.0506369683541833
391 0.0505721737424174
392 0.0505076272276105
393 0.0504433272305318
394 0.0503792721859878
395 0.0503154605426628
396 0.0502518907629606
397 0.0501885613228496
398 0.0501254707117086
399 0.0500626174321759
400 0.05
401 0.0499376169438922
402 0.0498754668053816
403 0.0498135481386718
404 0.0497518595104995
405 0.0496903994999953
406 0.0496291666985465
407 0.049568159709661
408 0.0495073771488337
409 0.0494468176434149
410 0.0493864798324795
411 0.049326362366699
412 0.0492664639082147
413 0.0492067831305123
414 0.049147318718299
415 0.0490880693673816
416 0.049029033784546
417 0.0489702106874392
418 0.0489115988044519
419 0.0488531968746031
420 0.0487950036474267
421 0.0487370178828579
422 0.0486792383511235
423 0.0486216638326315
424 0.0485642931178632
425 0.0485071250072666
426 0.0484501583111509
427 0.0483933918495827
428 0.0483368244522832
429 0.0482804549585268
430 0.0482242822170412
431 0.0481683050859088
432 0.0481125224324688
433 0.0480569331332213
434 0.0480015360737319
435 0.0479463301485384
436 0.0478913142610576
437 0.047836487323494
438 0.0477818482567497
439 0.0477273959903348
440 0.0476731294622796
441 0.0476190476190476
442 0.0475651494154494
443 0.047511433814558
444 0.0474578997876249
445 0.0474045463139977
446 0.0473513723810378
447 0.0472983769840402
448 0.0472455591261534
449 0.0471929178183009
450 0.0471404520791032
451 0.0470881609348011
452 0.0470360434191799
453 0.046984098573494
454 0.0469323254463932
455 0.0468807230938495
456 0.0468292905790847
457 0.0467780269724988
458 0.0467269313515998
459 0.0466760028009337
460 0.0466252404120157
461 0.0465746432832622
462 0.0465242105199235
463 0.0464739412340173
464 0.046423834544263
465 0.0463738895760168
466 0.046324105461208
467 0.0462744813382748
468 0.0462250163521024
469 0.046175709653961
470 0.0461265604014442
471 0.0460775677584091
472 0.0460287308949162
473 0.0459800489871703
474 0.0459315212174625
475 0.0458831467741124
476 0.0458349248514106
477 0.045786854649563
478 0.0457389353746348
479 0.0456911662384954
480 0.0456435464587638
481 0.0455960752587553
482 0.0455487518674277
483 0.045501575519329
484 0.0454545454545455
485 0.04540766091865
486 0.0453609211626514
487 0.0453143254429444
488 0.0452678730212593
489 0.0452215631646135
490 0.0451753951452626
491 0.0451293682406524
492 0.0450834817333716
493 0.0450377349111045
494 0.0449921270665848
495 0.0449466574975495
496 0.0449013255066937
497 0.0448561304016257
498 0.0448110714948221
499 0.0447661481035845
500 0.0447213595499958
501 0.044676705160877
502 0.0446321842677452
503 0.044587796206771
504 0.0445435403187374
505 0.0444994159489985
506 0.0444554224474387
507 0.0444115591684328
508 0.0443678254708057
509 0.0443242207177936
510 0.0442807442770048
511 0.0442373955203809
512 0.0441941738241592
513 0.0441510785688348
514 0.0441081091391231
515 0.0440652649239232
516 0.0440225453162812
517 0.0439799497133542
518 0.0439374775163747
519 0.0438951281306147
520 0.0438529009653515
521 0.0438107954338324
522 0.0437688109532409
523 0.0437269469446626
524 0.0436852028330519
525 0.0436435780471985
526 0.0436020720196947
527 0.0435606841869032
528 0.0435194139889245
529 0.0434782608695652
530 0.0434372242763069
531 0.0433963036602746
532 0.043355498476206
533 0.043314808182421
534 0.0432742322407915
535 0.0432337701167117
536 0.043193421279068
537 0.0431531852002103
538 0.0431130613559227
539 0.0430730492253948
540 0.0430331482911935
541 0.0429933580392348
542 0.0429536779587558
543 0.0429141075422875
544 0.0428746462856272
545 0.0428352936878119
546 0.0427960492510913
547 0.0427569124809013
548 0.042717882885838
549 0.042678959977632
550 0.0426401432711221
551 0.0426014322842305
552 0.0425628265379374
553 0.0425243255562562
554 0.0424859288662087
555 0.0424476359978009
556 0.0424094464839985
557 0.0423713598607036
558 0.0423333756667302
559 0.0422954934437814
560 0.0422577127364258
561 0.0422200330920749
562 0.0421824540609598
563 0.042144975196109
564 0.042107596053326
565 0.0420703161911671
566 0.0420331351709199
567 0.0419960525565808
568 0.0419590679148345
569 0.0419221808150319
570 0.0418853908291695
571 0.0418486975318687
572 0.0418121005003545
573 0.0417755993144357
574 0.0417391935564841
575 0.041702882811415
576 0.0416666666666667
577 0.0416305447121813
578 0.0415945165403852
579 0.0415585817461691
580 0.04152273992687
581 0.0414869906822511
582 0.0414513336144839
583 0.0414157683281291
584 0.0413802944301184
585 0.0413449115297362
586 0.0413096192386014
587 0.0412744171706498
588 0.0412393049421161
589 0.0412042821715165
590 0.0411693484796309
591 0.0411345034894864
592 0.0410997468263393
593 0.0410650781176591
594 0.0410304969931109
595 0.0409960030845394
596 0.040961596025952
597 0.0409272754535029
598 0.0408930410054765
599 0.0408588923222718
600 0.0408248290463863
601 0.0407908508224002
602 0.0407569572969611
603 0.0407231481187684
604 0.040689422938558
605 0.0406557814090871
606 0.0406222231851194
607 0.0405887479234099
608 0.0405553552826906
609 0.0405220449236554
610 0.0404888165089458
611 0.0404556697031367
612 0.0404226041727222
613 0.040389619586101
614 0.0403567156135631
615 0.0403238919272756
616 0.040291148201269
617 0.0402584841114237
618 0.0402258993354565
619 0.040193393552907
620 0.0401609664451249
621 0.0401286176952564
622 0.0400963469882313
623 0.0400641540107502
624 0.0400320384512718
625 0.04
626 0.0399680383488716
627 0.0399361531915436
628 0.0399043442233811
629 0.039872611141445
630 0.0398409536444798
631 0.0398093714329016
632 0.0397778642087865
633 0.0397464316758582
634 0.0397150735394769
635 0.0396837895066273
636 0.0396525792859072
637 0.0396214425875164
638 0.0395903791232448
639 0.0395593886064618
640 0.0395284707521047
641 0.0394976252766682
642 0.0394668518981929
643 0.039436150336255
644 0.039405520311955
645 0.0393749615479079
646 0.0393444737682317
647 0.0393140566985376
648 0.0392837100659193
649 0.039253433598943
650 0.0392232270276368
651 0.039193090083481
652 0.0391630224993979
653 0.0391330240097416
654 0.0391030943502888
655 0.0390732332582282
656 0.0390434404721515
657 0.0390137157320435
658 0.0389840587792725
659 0.038954469356581
660 0.0389249472080761
661 0.0388954920792207
662 0.0388661037168236
663 0.0388367818690309
664 0.0388075262853166
665 0.0387783367164741
666 0.0387492129146064
667 0.0387201546331183
668 0.0386911616267068
669 0.038662233651353
670 0.0386333704643128
671 0.0386045718241091
672 0.038575837490523
673 0.038547167224585
674 0.0385185607885673
675 0.038490017945975
676 0.0384615384615385
677 0.0384331221012044
678 0.0384047686321284
679 0.0383764778226668
680 0.0383482494423685
681 0.0383200832619674
682 0.0382919790533742
683 0.038263936589669
684 0.0382359556450936
685 0.0382080359950435
686 0.0381801774160606
687 0.0381523796858258
688 0.0381246425831512
689 0.038096965887973
690 0.038069349381344
691 0.0380417928454267
692 0.0380142960634853
693 0.0379868588198793
694 0.0379594809000562
695 0.0379321620905441
696 0.0379049021789452
697 0.0378777009539285
698 0.0378505582052232
699 0.0378234737236117
700 0.0377964473009227
701 0.0377694787300249
702 0.0377425678048199
703 0.0377157143202357
704 0.0376889180722205
705 0.0376621788577355
706 0.0376354964747491
707 0.0376088707222301
708 0.0375823014001414
709 0.037555788309434
710 0.0375293312520401
711 0.0375029300308675
712 0.0374765844497931
713 0.0374502943136569
714 0.037424059428256
715 0.0373978796003383
716 0.0373717546375968
717 0.0373456843486636
718 0.0373196685431038
719 0.0372937070314101
720 0.0372677996249965
721 0.0372419461361929
722 0.0372161463782393
723 0.0371904001652801
724 0.0371647073123583
725 0.0371390676354104
726 0.0371134809512603
727 0.0370879470776142
728 0.0370624658330551
729 0.037037037037037
730 0.0370116605098803
731 0.0369863360727655
732 0.0369610635477286
733 0.0369358427576559
734 0.0369106735262781
735 0.0368855556781659
736 0.0368604890387243
737 0.0368354734341879
738 0.0368105086916155
739 0.0367855946388855
740 0.0367607311046904
741 0.0367359179185323
742 0.0367111549107176
743 0.0366864419123527
744 0.0366617787553383
745 0.0366371652723656
746 0.0366126012969106
747 0.0365880866632301
748 0.0365636212063565
749 0.0365392047620935
750 0.0365148371670111
751 0.0364905182584413
752 0.0364662478744736
753 0.0364420258539502
754 0.0364178520364615
755 0.0363937262623419
756 0.0363696483726654
757 0.0363456182092407
758 0.0363216356146074
759 0.0362977004320314
760 0.0362738125055006
761 0.0362499716797207
762 0.0362261778001109
763 0.0362024307127998
764 0.0361787302646211
765 0.0361550763031094
766 0.0361314686764962
767 0.0361079072337059
768 0.0360843918243516
769 0.0360609222987309
770 0.0360374985078224
771 0.036014120303281
772 0.0359907875374347
773 0.0359675000632803
774 0.0359442577344795
775 0.035921060405355
776 0.0358979079308869
777 0.0358748001667088
778 0.0358517369691037
779 0.0358287181950009
780 0.0358057437019716
781 0.0357828133482257
782 0.0357599269926076
783 0.0357370844945932
784 0.0357142857142857
785 0.0356915305124125
786 0.0356688187503211
787 0.035646150289976
788 0.0356235249939548
789 0.0356009427254452
790 0.035578403348241
791 0.0355559067267389
792 0.0355334527259351
793 0.0355110412114217
794 0.0354886720493838
795 0.0354663451065954
796 0.0354440602504168
797 0.0354218173487907
798 0.0353996162702394
799 0.0353774568838612
800 0.0353553390593274
801 0.0353332626668787
802 0.0353112275773224
803 0.0352892336620293
804 0.0352672807929299
805 0.0352453688425121
806 0.0352234976838173
807 0.0352016671904381
808 0.0351798772365146
809 0.0351581276967315
810 0.0351364184463153
811 0.0351147493610312
812 0.0350931203171798
813 0.0350715311915947
814 0.0350499818616391
815 0.0350284722052029
816 0.0350070021007002
817 0.034985571427066
818 0.0349641800637533
819 0.0349428278907306
820 0.0349215147884789
821 0.0349002406379888
822 0.0348790053207578
823 0.0348578087187875
824 0.0348366507145809
825 0.0348155311911396
826 0.034794450031961
827 0.034773407121036
828 0.0347524023428458
829 0.0347314355823594
830 0.0347105067250312
831 0.034689615656798
832 0.0346687622640768
833 0.0346479464337619
834 0.0346271680532222
835 0.0346064270102991
836 0.0345857231933037
837 0.0345650564910142
838 0.0345444267926733
839 0.0345238339879863
840 0.0345032779671177
841 0.0344827586206897
842 0.0344622758397789
843 0.0344418295159145
844 0.0344214195410757
845 0.0344010458076891
846 0.0343807082086264
847 0.0343604066372025
848 0.0343401409871723
849 0.034319911152729
850 0.0342997170285018
851 0.034279558509553
852 0.0342594354913766
853 0.034239347869895
854 0.0342192955414577
855 0.0341992784028385
856 0.0341792963512332
857 0.0341593492842578
858 0.0341394370999459
859 0.034119559696747
860 0.0340997169735237
861 0.0340799088295499
862 0.0340601351645086
863 0.0340403958784899
864 0.0340206908719886
865 0.0340010200459023
866 0.0339813833015292
867 0.0339617805405662
868 0.0339422116651065
869 0.0339226765776379
870 0.0339031751810405
871 0.0338837073785849
872 0.0338642730739298
873 0.0338448721711206
874 0.0338255045745869
875 0.0338061701891407
876 0.0337868689199743
877 0.0337676006726587
878 0.0337483653531414
879 0.0337291628677442
880 0.0337099931231621
881 0.0336908560264605
882 0.0336717514850737
883 0.0336526794068032
884 0.0336336396998156
885 0.0336146322726407
886 0.0335956570341698
887 0.0335767138936537
888 0.0335578027607012
889 0.0335389235452769
890 0.0335200761576995
891 0.0335012605086404
892 0.0334824765091213
893 0.0334637240705127
894 0.0334450031045326
895 0.0334263135232438
896 0.033407655239053
897 0.0333890281647089
898 0.0333704322133
899 0.0333518672982535
900 0.0333333333333333
901 0.0333148302326385
902 0.0332963579106013
903 0.0332779162819861
904 0.033259505261887
905 0.0332411247657267
906 0.0332227747092548
907 0.033204455008546
908 0.0331861655799986
909 0.033167906340333
910 0.0331496772065898
911 0.0331314780961286
912 0.0331133089266261
913 0.0330951696160748
914 0.0330770600827811
915 0.0330589802453643
916 0.0330409300227545
917 0.0330229093341913
918 0.0330049180992225
919 0.0329869562377021
920 0.0329690236697893
921 0.0329511203159468
922 0.0329332460969392
923 0.0329154009338317
924 0.0328975847479884
925 0.0328797974610715
926 0.0328620389950387
927 0.0328443092721431
928 0.0328266082149306
929 0.0328089357462393
930 0.0327912917891976
931 0.0327736762672231
932 0.0327560891040209
933 0.0327385302235826
934 0.0327209995501844
935 0.0327034970083864
936 0.0326860225230307
937 0.0326685760192401
938 0.032651157422417
939 0.0326337666582419
940 0.0326164036526721
941 0.0325990683319404
942 0.0325817606225537
943 0.0325644804512918
944 0.032547227745206
945 0.0325300024316178
946 0.0325128044381178
947 0.0324956336925641
948 0.0324784901230815
949 0.0324613736580598
950 0.0324442842261525
951 0.0324272217562761
952 0.0324101861776082
953 0.0323931774195868
954 0.0323761954119088
955 0.0323592400845287
956 0.0323423113676575
957 0.0323254091917618
958 0.0323085334875619
959 0.0322916841860313
960 0.0322748612183951
961 0.032258064516129
962 0.0322412940109581
963 0.0322245496348555
964 0.0322078313200415
965 0.0321911389989825
966 0.0321744726043893
967 0.0321578320692166
968 0.0321412173266613
969 0.0321246283101618
970 0.0321080649533968
971 0.032091527190284
972 0.0320750149549792
973 0.0320585281818751
974 0.0320420668056001
975 0.0320256307610174
976 0.032009219983224
977 0.0319928344075492
978 0.031976473969554
979 0.0319601386050297
980 0.031943828249997
981 0.031927542840705
982 0.0319112823136301
983 0.0318950466054748
984 0.0318788356531669
985 0.0318626493938583
986 0.0318464877649241
987 0.0318303507039615
988 0.0318142381487889
989 0.0317981500374447
990 0.0317820863081864
991 0.0317660468994898
992 0.0317500317500476
993 0.0317340407987688
994 0.0317180739847776
995 0.0317021312474121
996 0.0316862125262239
997 0.0316703177609768
998 0.0316544468916459
999 0.0316385998584166
1000 0.0316227766016838
1001 0.0316069770620507
1002 0.0315912011803282
1003 0.0315754488975336
1004 0.0315597201548902
1005 0.0315440148938256
1006 0.0315283330559716
1007 0.0315126745831627
1008 0.0314970394174356
1009 0.0314814275010279
1010 0.0314658387763776
1011 0.0314502731861219
1012 0.0314347306730966
1013 0.0314192111803347
1014 0.0314037146510664
1015 0.0313882410287172
1016 0.0313727902569079
1017 0.0313573622794532
1018 0.0313419570403611
1019 0.0313265744838319
1020 0.0313112145542575
1021 0.0312958771962203
1022 0.0312805623544927
1023 0.0312652699740361
1024 0.03125
1025 0.0312347523777212
1026 0.0312195270527231
1027 0.0312043239707148
1028 0.0311891430775903
1029 0.0311739843194275
1030 0.0311588476424878
1031 0.031143732993215
1032 0.0311286403182345
1033 0.0311135695643528
1034 0.0310985206785561
1035 0.0310834936080105
1036 0.03106848830006
1037 0.0310535047022268
1038 0.03103854276221
1039 0.0310236024278849
1040 0.0310086836473021
1041 0.0309937863686872
1042 0.0309789105404395
1043 0.0309640561111316
1044 0.0309492230295086
1045 0.0309344112444873
1046 0.0309196207051553
1047 0.0309048513607707
1048 0.0308901031607608
1049 0.0308753760547219
1050 0.0308606699924184
1051 0.0308459849237818
1052 0.0308313207989104
1053 0.0308166775680683
1054 0.0308020551816849
1055 0.030787453590354
1056 0.0307728727448332
1057 0.0307583125960432
1058 0.0307437730950673
1059 0.0307292541931501
1060 0.0307147558416976
1061 0.0307002779922758
1062 0.0306858205966108
1063 0.0306713836065872
1064 0.0306569669742483
1065 0.0306425706517948
1066 0.0306281945915844
1067 0.0306138387461313
1068 0.0305995030681052
1069 0.0305851875103308
1070 0.0305708920257872
1071 0.030556616567607
1072 0.0305423610890763
1073 0.0305281255436332
1074 0.0305139098848677
1075 0.0304997140665209
1076 0.0304855380424846
1077 0.0304713817668003
1078 0.0304572451936586
1079 0.0304431282773991
1080 0.0304290309725092
1081 0.0304149532336237
1082 0.0304008950155241
1083 0.0303868562731382
1084 0.0303728369615393
1085 0.0303588370359458
1086 0.0303448564517202
1087 0.030330895164369
1088 0.0303169531295416
1089 0.0303030303030303
1090 0.0302891266407691
1091 0.0302752420988336
1092 0.0302613766334401
1093 0.0302475302009452
1094 0.030233702757845
1095 0.030219894260775
1096 0.0302061046665088
1097 0.0301923339319584
1098 0.0301785820141728
1099 0.0301648488703381
1100 0.0301511344577764
1101 0.0301374387339456
1102 0.0301237616564389
1103 0.0301101031829839
1104 0.0300964632714423
1105 0.0300828418798093
1106 0.0300692389662132
1107 0.0300556544889144
1108 0.0300420884063055
1109 0.0300285406769102
1110 0.0300150112593832
1111 0.0300015001125094
1112 0.0299880071952034
1113 0.029974532466509
1114 0.029961075885599
1115 0.029947637411774
1116 0.0299342170044625
1117 0.0299208146232201
1118 0.029907430227729
1119 0.0298940637777976
1120 0.0298807152333598
1121 0.0298673845544749
1122 0.0298540717013266
1123 0.0298407766342227
1124 0.0298274993135947
1125 0.0298142396999972
1126 0.0298009977541075
1127 0.029787773436725
1128 0.0297745667087707
1129 0.0297613775312869
1130 0.0297482058654365
1131 0.0297350516725026
1132 0.0297219149138882
1133 0.0297087955511153
1134 0.0296956935458249
1135 0.0296826088597762
1136 0.0296695414548463
1137 0.0296564912930297
1138 0.0296434583364376
1139 0.029630442547298
1140 0.0296174438879546
1141 0.0296044623208669
1142 0.0295914978086091
1143 0.0295785503138705
1144 0.0295656197994541
1145 0.0295527062282771
1146 0.0295398095633696
1147 0.0295269297678746
1148 0.0295140668050478
1149 0.0295012206382564
1150 0.0294883912309794
1151 0.0294755785468069
1152 0.0294627825494395
1153 0.029450003202688
1154 0.0294372404704732
1155 0.029424494316825
1156 0.0294117647058824
1157 0.0293990516018927
1158 0.0293863549692117
1159 0.0293736747723023
1160 0.0293610109757352
1161 0.0293483635441875
1162 0.0293357324424429
1163 0.0293231176353911
1164 0.0293105190880275
1165 0.0292979367654524
1166 0.0292853706328711
1167 0.0292728206555934
1168 0.0292602867990326
1169 0.0292477690287062
1170 0.0292352673102343
1171 0.0292227816093402
1172 0.0292103118918493
1173 0.0291978581236892
1174 0.029185420270889
1175 0.0291729982995789
1176 0.0291605921759902
1177 0.0291482018664544
1178 0.0291358273374033
1179 0.0291234685553679
1180 0.0291111254869791
1181 0.0290987980989663
1182 0.0290864863581575
1183 0.029074190231479
1184 0.0290619096859548
1185 0.0290496446887063
1186 0.029037395206952
1187 0.0290251612080071
1188 0.029012942659283
1189 0.0290007395282871
1190 0.0289885517826224
1191 0.0289763793899872
1192 0.0289642223181746
1193 0.0289520805350722
1194 0.0289399540086616
1195 0.0289278427070186
1196 0.028915746598312
1197 0.028903665650804
1198 0.0288915998328494
1199 0.0288795491128954
1200 0.0288675134594813
1201 0.0288554928412381
1202 0.0288434872268881
1203 0.0288314965852446
1204 0.0288195208852117
1205 0.0288075600957839
1206 0.0287956141860453
1207 0.0287836831251702
1208 0.0287717668824218
1209 0.0287598654271525
1210 0.0287479787288034
1211 0.0287361067569039
1212 0.0287242494810713
1213 0.0287124068710107
1214 0.0287005788965146
1215 0.0286887655274623
1216 0.0286769667338202
1217 0.0286651824856408
1218 0.0286534127530626
1219 0.0286416575063102
1220 0.0286299167156934
1221 0.0286181903516071
1222 0.0286064783845312
1223 0.0285947807850298
1224 0.0285830975237515
1225 0.0285714285714286
1226 0.028559773898877
1227 0.0285481334769959
1228 0.0285365072767675
1229 0.0285248952692565
1230 0.0285132974256101
1231 0.0285017137170574
1232 0.0284901441149095
1233 0.0284785885905587
1234 0.0284670471154786
1235 0.0284555196612236
1236 0.0284440061994287
1237 0.0284325067018092
1238 0.0284210211401602
1239 0.0284095494863568
1240 0.0283980917123532
1241 0.028386647790183
1242 0.0283752176919583
1243 0.02836380138987
1244 0.0283523988561871
1245 0.0283410100632568
1246 0.0283296349835037
1247 0.02831827358943
1248 0.0283069258536149
1249 0.0282955917487146
1250 0.0282842712474619
1251 0.0282729643226657
1252 0.0282616709472111
1253 0.0282503910940588
1254 0.0282391247362452
1255 0.0282278718468818
1256 0.028216632399155
1257 0.0282054063663259
1258 0.02819419372173
1259 0.0281829944387771
1260 0.0281718084909506
1261 0.0281606358518076
1262 0.0281494764949788
1263 0.0281383303941676
1264 0.0281271975231506
1265 0.0281160778557767
1266 0.0281049713659671
1267 0.0280938780277154
1268 0.0280827978150865
1269 0.0280717307022173
1270 0.0280606766633157
1271 0.0280496356726607
1272 0.0280386077046022
1273 0.0280275927335605
1274 0.0280165907340263
1275 0.0280056016805602
1276 0.0279946255477927
1277 0.0279836623104239
1278 0.027972711943223
1279 0.0279617744210284
1280 0.0279508497187474
1281 0.0279399378113556
1282 0.0279290386738973
1283 0.0279181522814845
1284 0.0279072786092974
1285 0.0278964176325835
1286 0.027885569326658
1287 0.027874733666903
1288 0.0278639106287676
1289 0.0278531001877676
1290 0.0278423023194852
1291 0.0278315169995688
1292 0.0278207442037329
1293 0.0278099839077575
1294 0.0277992360874883
1295 0.0277885007188364
1296 0.0277777777777778
1297 0.0277670672403533
1298 0.0277563690826684
1299 0.0277456832808931
1300 0.0277350098112615
1301 0.0277243486500714
1302 0.0277136997736847
1303 0.0277030631585265
1304 0.0276924387810856
1305 0.0276818266179133
1306 0.0276712266456243
1307 0.0276606388408955
1308 0.0276500631804666
1309 0.0276394996411391
1310 0.0276289481997769
1311 0.0276184088333054
1312 0.0276078815187116
1313 0.0275973662330441
1314 0.0275868629534123
1315 0.0275763716569867
1316 0.0275658923209986
1317 0.0275554249227396
1318 0.027544969439562
1319 0.0275345258488778
1320 0.027524094128159
1321 0.0275136742549375
1322 0.0275032662068046
1323 0.0274928699614107
1324 0.0274824854964656
1325 0.0274721127897378
1326 0.0274617518190545
1327 0.0274514025623014
1328 0.0274410649974226
1329 0.0274307391024201
1330 0.0274204248553541
1331 0.0274101222343421
1332 0.0273998312175595
1333 0.0273895517832388
1334 0.0273792839096697
1335 0.0273690275751987
1336 0.0273587827582291
1337 0.027348549437221
1338 0.0273383275906904
1339 0.0273281171972098
1340 0.0273179182354077
1341 0.027307730683968
1342 0.0272975545216307
1343 0.0272873897271909
1344 0.027277236279499
1345 0.0272670941574606
1346 0.0272569633400359
1347 0.0272468438062399
1348 0.0272367355351422
1349 0.0272266385058665
1350 0.0272165526975909
1351 0.0272064780895472
1352 0.0271964146610211
1353 0.0271863623913518
1354 0.0271763212599322
1355 0.0271662912462081
1356 0.0271562723296784
1357 0.0271462644898952
1358 0.0271362677064629
1359 0.0271262819590386
1360 0.027116307227332
1361 0.0271063434911047
1362 0.0270963907301702
1363 0.0270864489243943
1364 0.0270765180536941
1365 0.0270665980980383
1366 0.027056689037447
1367 0.0270467908519914
1368 0.0270369035217938
1369 0.027027027027027
1370 0.027017161347915
1371 0.0270073064647318
1372 0.0269974623578019
1373 0.0269876290075002
1374 0.0269778063942513
1375 0.0269679944985297
1376 0.0269581933008596
1377 0.0269484027818148
1378 0.0269386229220183
1379 0.0269288537021423
1380 0.0269190951029083
1381 0.0269093471050862
1382 0.0268996096894951
1383 0.0268898828370022
1384 0.0268801665285235
1385 0.026870460745023
1386 0.0268607654675127
1387 0.0268510806770527
1388 0.0268414063547509
1389 0.0268317424817627
1390 0.026822089039291
1391 0.0268124460085859
1392 0.0268028133709449
1393 0.0267931911077122
1394 0.026783579200279
1395 0.0267739776300833
1396 0.0267643863786095
1397 0.0267548054273883
1398 0.026745234757997
1399 0.0267356743520587
1400 0.0267261241912424
1401 0.0267165842572632
1402 0.0267070545318817
1403 0.0266975349969038
1404 0.0266880256341812
1405 0.0266785264256104
1406 0.0266690373531332
1407 0.0266595583987364
1408 0.0266500895444513
1409 0.0266406307723541
1410 0.0266311820645654
1411 0.0266217434032501
1412 0.0266123147706175
1413 0.0266028961489207
1414 0.0265934875204571
1415 0.0265840888675675
1416 0.0265747001726367
1417 0.0265653214180928
1418 0.0265559525864072
1419 0.0265465936600949
1420 0.0265372446217138
1421 0.0265279054538646
1422 0.026518576139191
1423 0.0265092566603795
1424 0.026499947000159
1425 0.0264906471413009
1426 0.0264813570666188
1427 0.0264720767589686
1428 0.0264628062012482
1429 0.0264535453763972
1430 0.0264442942673973
1431 0.0264350528572715
1432 0.0264258211290845
1433 0.0264165990659424
1434 0.0264073866509923
1435 0.0263981838674227
1436 0.026388990698463
1437 0.0263798071273832
1438 0.0263706331374945
1439 0.0263614687121482
1440 0.0263523138347365
1441 0.0263431684886916
1442 0.0263340326574862
1443 0.0263249063246328
1444 0.0263157894736842
1445 0.0263066820882328
1446 0.0262975841519109
1447 0.0262884956483901
1448 0.0262794165613818
1449 0.0262703468746367
1450 0.0262612865719445
1451 0.0262522356371343
1452 0.0262431940540739
1453 0.0262341618066702
1454 0.0262251388788688
1455 0.0262161252546538
1456 0.026207120918048
1457 0.0261981258531123
1458 0.0261891400439462
1459 0.0261801634746872
1460 0.0261711961295107
1461 0.0261622379926302
1462 0.0261532890482971
1463 0.0261443492808001
1464 0.0261354186744658
1465 0.0261264972136582
1466 0.0261175848827785
1467 0.0261086816662652
1468 0.026099787548594
1469 0.0260909025142775
1470 0.0260820265478651
1471 0.026073159633943
1472 0.0260643017571343
1473 0.0260554529020984
1474 0.0260466130535312
1475 0.0260377821961648
1476 0.0260289603147677
1477 0.0260201473941444
1478 0.0260113434191354
1479 0.0260025483746172
1480 0.0259937622455018
1481 0.0259849850167371
1482 0.0259762166733066
1483 0.0259674572002289
1484 0.0259587065825582
1485 0.0259499648053841
1486 0.0259412318538309
1487 0.0259325077130583
1488 0.0259237923682606
1489 0.0259150858046672
1490 0.025906388007542
1491 0.0258976989621835
1492 0.0258890186539249
1493 0.0258803470681335
1494 0.0258716841902111
1495 0.0258630300055936
1496 0.025854384499751
1497 0.0258457476581872
1498 0.0258371194664401
1499 0.0258284999100813
1500 0.0258198889747161
1501 0.0258112866459834
1502 0.0258026929095554
1503 0.0257941077511379
1504 0.0257855311564698
1505 0.0257769631113233
1506 0.0257684036015037
1507 0.0257598526128489
1508 0.0257513101312302
1509 0.0257427761425514
1510 0.0257342506327489
1511 0.0257257335877919
1512 0.025717224993682
1513 0.025708724836453
1514 0.0257002331021714
1515 0.0256917497769354
1516 0.0256832748468757
1517 0.0256748082981548
1518 0.0256663501169673
1519 0.0256579002895393
1520 0.0256494588021289
1521 0.0256410256410256
1522 0.0256326007925508
1523 0.0256241842430569
1524 0.025615775978928
1525 0.0256073759865792
1526 0.0255989842524569
1527 0.0255906007630385
1528 0.0255822255048325
1529 0.0255738584643782
1530 0.0255654996282457
1531 0.0255571489830357
1532 0.0255488065153798
1533 0.0255404722119398
1534 0.0255321460594083
1535 0.0255238280445078
1536 0.0255155181539914
1537 0.0255072163746424
1538 0.0254989226932738
1539 0.0254906370967291
1540 0.0254823595718813
1541 0.0254740901056334
1542 0.0254658286849181
1543 0.0254575752966978
1544 0.0254493299279644
1545 0.0254410925657392
1546 0.0254328631970731
1547 0.0254246418090461
1548 0.0254164283887674
1549 0.0254082229233756
1550 0.0254000254000381
1551 0.0253918358059513
1552 0.0253836541283405
1553 0.0253754803544598
1554 0.025367314471592
1555 0.0253591564670487
1556 0.0253510063281697
1557 0.0253428640423235
1558 0.025334729596907
1559 0.0253266029793453
1560 0.0253184841770917
1561 0.0253103731776277
1562 0.0253022699684629
1563 0.0252941745371347
1564 0.0252860868712087
1565 0.0252780069582779
1566 0.0252699347859634
1567 0.0252618703419138
1568 0.0252538136138053
1569 0.0252457645893414
1570 0.0252377232562534
1571 0.0252296896022997
1572 0.0252216636152659
1573 0.025213645282965
1574 0.0252056345932368
1575 0.0251976315339485
1576 0.0251896360929939
1577 0.025181648258294
1578 0.0251736680177962
1579 0.025165695359475
1580 0.0251577302713314
1581 0.0251497727413928
1582 0.0251418227577135
1583 0.0251338803083737
1584 0.0251259453814803
1585 0.0251180179651664
1586 0.0251100980475913
1587 0.0251021856169402
1588 0.0250942806614248
1589 0.0250863831692823
1590 0.025078493128776
1591 0.025070610528195
1592 0.0250627353558543
1593 0.0250548676000943
1594 0.0250470072492812
1595 0.0250391542918067
1596 0.0250313087160879
1597 0.0250234705105674
1598 0.025015639663713
1599 0.0250078161640178
1600 0.025
1601 0.0249921911602031
1602 0.0249843896331954
1603 0.0249765954075703
1604 0.0249688084719461
1605 0.0249610288149659
1606 0.0249532564252975
1607 0.0249454912916334
1608 0.0249377334026908
1609 0.0249299827472114
1610 0.0249222393139613
1611 0.0249145030917312
1612 0.0249067740693359
1613 0.0248990522356146
1614 0.0248913375794308
1615 0.024883630089672
1616 0.0248759297552497
1617 0.0248682365650997
1618 0.0248605505081814
1619 0.0248528715734783
1620 0.0248451997499977
1621 0.0248375350267704
1622 0.0248298773928511
1623 0.0248222268373182
1624 0.0248145833492733
1625 0.0248069469178417
1626 0.0247993175321721
1627 0.0247916951814366
1628 0.0247840798548305
1629 0.0247764715415722
1630 0.0247688702309035
1631 0.0247612759120891
1632 0.0247536885744169
1633 0.0247461082071975
1634 0.0247385347997647
1635 0.0247309683414749
1636 0.0247234088217074
1637 0.0247158562298643
1638 0.02470831055537
1639 0.0247007717876719
1640 0.0246932399162397
1641 0.0246857149305656
1642 0.0246781968201642
1643 0.0246706855745724
1644 0.0246631811833495
1645 0.0246556836360769
1646 0.0246481929223582
1647 0.0246407090318191
1648 0.0246332319541073
1649 0.0246257616788926
1650 0.0246182981958665
1651 0.0246108414947426
1652 0.0246033915652561
1653 0.0245959483971641
1654 0.0245885119802452
1655 0.0245810823042997
1656 0.0245736593591495
1657 0.024566243134638
1658 0.0245588336206301
1659 0.0245514308070118
1660 0.0245440346836908
1661 0.0245366452405958
1662 0.0245292624676769
1663 0.0245218863549052
1664 0.024514516892273
1665 0.0245071540697936
1666 0.0244997978775013
1667 0.0244924483054512
1668 0.0244851053437196
1669 0.0244777689824032
1670 0.0244704392116198
1671 0.0244631160215077
1672 0.0244557994022259
1673 0.024448489343954
1674 0.0244411858368922
1675 0.024433888871261
1676 0.0244265984373016
1677 0.0244193145252752
1678 0.0244120371254637
1679 0.024404766228169
1680 0.0243975018237133
1681 0.024390243902439
1682 0.0243829924547085
1683 0.0243757474709044
1684 0.024368508941429
1685 0.0243612768567048
1686 0.0243540512071742
1687 0.0243468319832992
1688 0.0243396191755618
1689 0.0243324127744636
1690 0.024325212770526
1691 0.0243180191542899
1692 0.0243108319163158
1693 0.0243036510471837
1694 0.0242964765374931
1695 0.024289308377863
1696 0.0242821465589316
1697 0.0242749910713565
1698 0.0242678419058145
1699 0.0242606990530017
1700 0.0242535625036333
1701 0.0242464322484436
1702 0.024239308278186
1703 0.0242321905836328
1704 0.0242250791555755
1705 0.0242179739848241
1706 0.024210875062208
1707 0.0242037823785748
1708 0.0241966959247914
1709 0.024189615691743
1710 0.0241825416703337
1711 0.0241754738514862
1712 0.0241684122261416
1713 0.0241613567852596
1714 0.0241543075198185
1715 0.0241472644208148
1716 0.0241402274792634
1717 0.0241331966861976
1718 0.024126172032669
1719 0.0241191535097474
1720 0.0241121411085206
1721 0.0241051348200948
1722 0.024098134635594
1723 0.0240911405461605
1724 0.0240841525429544
1725 0.0240771706171538
1726 0.0240701947599548
1727 0.0240632249625711
1728 0.0240562612162344
1729 0.0240493035121941
1730 0.0240423518417172
1731 0.0240354061960886
1732 0.0240284665666106
1733 0.0240215329446032
1734 0.0240146053214037
1735 0.0240076836883672
1736 0.024000768036866
1737 0.0239938583582898
1738 0.0239869546440458
1739 0.0239800568855584
1740 0.0239731650742692
1741 0.0239662792016371
1742 0.023959399259138
1743 0.0239525252382652
1744 0.0239456571305288
1745 0.0239387949274561
1746 0.0239319386205913
1747 0.0239250882014956
1748 0.023918243661747
1749 0.0239114049929405
1750 0.0239045721866879
1751 0.0238977452346176
1752 0.0238909241283748
1753 0.0238841088596216
1754 0.0238772994200364
1755 0.0238704958013144
1756 0.0238636979951674
1757 0.0238569059933235
1758 0.0238501197875274
1759 0.0238433393695404
1760 0.0238365647311398
1761 0.0238297958641196
1762 0.0238230327602898
1763 0.023816275411477
1764 0.0238095238095238
1765 0.023802777946289
1766 0.0237960378136474
1767 0.0237893034034903
1768 0.0237825747077247
1769 0.0237758517182737
1770 0.0237691344270764
1771 0.0237624228260879
1772 0.023755716907279
1773 0.0237490166626365
1774 0.0237423220841631
1775 0.0237356331638771
1776 0.0237289498938125
1777 0.0237222722660191
1778 0.0237156002725624
1779 0.0237089339055235
1780 0.0237022731569989
1781 0.0236956180191007
1782 0.0236889684839567
1783 0.0236823245437099
1784 0.0236756861905189
1785 0.0236690534165575
1786 0.0236624262140151
1787 0.023655804575096
1788 0.0236491884920201
1789 0.0236425779570225
1790 0.0236359729623533
1791 0.0236293735002779
1792 0.0236227795630767
1793 0.0236161911430453
1794 0.0236096082324943
1795 0.0236030308237491
1796 0.0235964589091504
1797 0.0235898924810536
1798 0.0235833315318289
1799 0.0235767760538616
1800 0.0235702260395516
1801 0.0235636814813137
1802 0.0235571423715773
1803 0.0235506087027866
1804 0.0235440804674006
1805 0.0235375576578925
1806 0.0235310402667506
1807 0.0235245282864773
1808 0.0235180217095899
1809 0.0235115205286199
1810 0.0235050247361134
1811 0.0234985343246308
1812 0.023492049286747
1813 0.023485569615051
1814 0.0234790953021465
1815 0.023472626340651
1816 0.0234661627231966
1817 0.0234597044424294
1818 0.0234532514910097
1819 0.023446803861612
1820 0.0234403615469248
1821 0.0234339245396506
1822 0.0234274928325061
1823 0.0234210664182218
1824 0.0234146452895423
1825 0.0234082294392261
1826 0.0234018188600454
1827 0.0233954135447865
1828 0.0233890134862494
1829 0.0233826186772478
1830 0.0233762291106092
1831 0.023369844779175
1832 0.0233634656757999
1833 0.0233570917933526
1834 0.0233507231247152
1835 0.0233443596627835
1836 0.0233380014004668
1837 0.0233316483306879
1838 0.023325300446383
1839 0.023318957740502
1840 0.0233126202060078
1841 0.0233062878358772
1842 0.0232999606230998
1843 0.023293638560679
1844 0.0232873216416311
1845 0.0232810098589859
1846 0.0232747032057864
1847 0.0232684016750886
1848 0.0232621052599618
1849 0.0232558139534884
1850 0.0232495277487639
1851 0.0232432466388968
1852 0.0232369706170087
1853 0.0232306996762341
1854 0.0232244338097206
1855 0.0232181730106286
1856 0.0232119172721315
1857 0.0232056665874154
1858 0.0231994209496796
1859 0.0231931803521357
1860 0.0231869447880084
1861 0.0231807142505352
1862 0.0231744887329661
1863 0.0231682682285639
1864 0.023162052730604
1865 0.0231558422323745
1866 0.023149636727176
1867 0.0231434362083217
1868 0.0231372406691374
1869 0.0231310501029613
1870 0.023124864503144
1871 0.0231186838630488
1872 0.0231125081760512
1873 0.0231063374355391
1874 0.0231001716349129
1875 0.023094010767585
1876 0.0230878548269805
1877 0.0230817038065365
1878 0.0230755576997023
1879 0.0230694164999396
1880 0.0230632802007221
1881 0.0230571487955358
1882 0.0230510222778787
1883 0.0230449006412609
1884 0.0230387838792046
1885 0.0230326719852439
1886 0.0230265649529252
1887 0.0230204627758065
1888 0.0230143654474581
1889 0.0230082729614619
1890 0.0230021853114118
1891 0.0229961024909137
1892 0.0229900244935851
1893 0.0229839513130556
1894 0.0229778829429661
1895 0.0229718193769698
1896 0.0229657606087313
1897 0.0229597066319268
1898 0.0229536574402444
1899 0.0229476130273838
1900 0.0229415733870562
1901 0.0229355385129844
1902 0.0229295083989028
1903 0.0229234830385573
1904 0.0229174624257053
1905 0.0229114465541157
1906 0.0229054354175688
1907 0.0228994290098564
1908 0.0228934273247815
1909 0.0228874303561587
1910 0.0228814380978138
1911 0.0228754505435839
1912 0.0228694676873174
1913 0.0228634895228741
1914 0.0228575160441247
1915 0.0228515472449515
1916 0.0228455831192477
1917 0.0228396236609177
1918 0.0228336688638772
1919 0.0228277187220526
1920 0.0228217732293819
1921 0.0228158323798138
1922 0.022809896167308
1923 0.0228039645858354
1924 0.0227980376293777
1925 0.0227921152919276
1926 0.0227861975674888
1927 0.0227802844500757
1928 0.0227743759337138
1929 0.0227684720124393
1930 0.0227625726802993
1931 0.0227566779313515
1932 0.0227507877596645
1933 0.0227449021593178
1934 0.0227390211244013
1935 0.0227331446490158
1936 0.0227272727272727
1937 0.0227214053532942
1938 0.0227155425212127
1939 0.0227096842251717
1940 0.022703830459325
1941 0.0226979812178369
1942 0.0226921364948823
1943 0.0226862962846466
1944 0.0226804605813257
1945 0.0226746293791259
1946 0.0226688026722639
1947 0.0226629804549668
1948 0.0226571627214722
1949 0.0226513494660278
1950 0.0226455406828919
1951 0.0226397363663329
1952 0.0226339365106296
1953 0.022628141110071
1954 0.0226223501589563
1955 0.022616563651595
1956 0.0226107815823067
1957 0.0226050039454212
1958 0.0225992307352784
1959 0.0225934619462284
1960 0.0225876975726313
1961 0.0225819376088572
1962 0.0225761820492865
1963 0.0225704308883094
1964 0.0225646841203262
1965 0.0225589417397471
1966 0.0225532037409922
1967 0.0225474701184918
1968 0.0225417408666858
1969 0.0225360159800242
1970 0.0225302954529666
1971 0.0225245792799829
1972 0.0225188674555522
1973 0.022513159974164
1974 0.0225074568303172
1975 0.0225017580185205
1976 0.0224960635332924
1977 0.0224903733691611
1978 0.0224846875206644
1979 0.0224790059823499
1980 0.0224733287487747
1981 0.0224676558145057
1982 0.0224619871741191
1983 0.022456322822201
1984 0.0224506627533469
1985 0.0224450069621617
1986 0.02243935544326
1987 0.0224337081912659
1988 0.0224280652008128
1989 0.0224224264665438
1990 0.022416791983111
1991 0.0224111617451764
1992 0.022405535747411
1993 0.0223999139844955
1994 0.0223942964511195
1995 0.0223886831419823
1996 0.0223830740517923
1997 0.0223774691752672
1998 0.0223718685071341
1999 0.0223662720421292
2000 0.0223606797749979
2001 0.0223550917004948
2002 0.0223495078133837
2003 0.0223439281084376
2004 0.0223383525804385
2005 0.0223327812241777
2006 0.0223272140344553
2007 0.0223216510060808
2008 0.0223160921338726
2009 0.022310537412658
2010 0.0223049868372735
2011 0.0222994404025646
2012 0.0222938981033855
2013 0.0222883599345997
2014 0.0222828258910793
2015 0.0222772959677056
2016 0.0222717701593687
2017 0.0222662484609674
2018 0.0222607308674095
2019 0.0222552173736117
2020 0.0222497079744992
2021 0.0222442026650065
2022 0.0222387014400763
2023 0.0222332042946604
2024 0.0222277112237194
2025 0.0222222222222222
2026 0.0222167372851469
2027 0.0222112564074799
2028 0.0222057795842164
2029 0.0222003068103602
2030 0.0221948380809238
2031 0.0221893733909281
2032 0.0221839127354028
2033 0.0221784561093861
2034 0.0221730035079246
2035 0.0221675549260736
2036 0.0221621103588968
2037 0.0221566698014664
2038 0.022151233248863
2039 0.0221458006961758
2040 0.0221403721385024
2041 0.0221349475709486
2042 0.0221295269886288
2043 0.0221241103866657
2044 0.0221186977601904
2045 0.0221132891043423
2046 0.0221078844142691
2047 0.0221024836851268
2048 0.0220970869120796
2049 0.0220916940903002
2050 0.0220863052149693
2051 0.022080920281276
2052 0.0220755392844174
2053 0.022070162219599
2054 0.0220647890820344
2055 0.0220594198669453
2056 0.0220540545695615
2057 0.0220486931851212
2058 0.0220433357088703
2059 0.022037982136063
2060 0.0220326324619616
2061 0.0220272866818363
2062 0.0220219447909655
2063 0.0220166067846355
2064 0.0220112726581406
2065 0.0220059424067831
2066 0.0220006160258732
2067 0.0219952935107292
2068 0.0219899748566771
2069 0.0219846600590511
2070 0.0219793491131929
2071 0.0219740420144524
2072 0.0219687387581873
2073 0.0219634393397631
2074 0.0219581437545529
2075 0.0219528519979381
2076 0.0219475640653074
2077 0.0219422799520575
2078 0.0219369996535928
2079 0.0219317231653256
2080 0.0219264504826757
2081 0.0219211816010707
2082 0.0219159165159459
2083 0.0219106552227442
2084 0.0219053977169162
2085 0.0219001439939201
2086 0.0218948940492219
2087 0.021889647878295
2088 0.0218844054766204
2089 0.0218791668396868
2090 0.0218739319629904
2091 0.0218687008420348
2092 0.0218634734723313
2093 0.0218582498493987
2094 0.0218530299687632
2095 0.0218478138259586
2096 0.0218426014165259
2097 0.0218373927360139
2098 0.0218321877799786
2099 0.0218269865439834
2100 0.0218217890235992
2101 0.0218165952144043
2102 0.0218114051119841
2103 0.0218062187119317
2104 0.0218010360098474
2105 0.0217958570013386
2106 0.0217906816820204
2107 0.021785510047515
2108 0.0217803420934516
2109 0.0217751778154671
2110 0.0217700172092054
2111 0.0217648602703177
2112 0.0217597069944622
2113 0.0217545573773047
2114 0.0217494114145178
2115 0.0217442691017814
2116 0.0217391304347826
2117 0.0217339954092156
2118 0.0217288640207816
2119 0.0217237362651891
2120 0.0217186121381535
2121 0.0217134916353974
2122 0.0217083747526504
2123 0.0217032614856491
2124 0.0216981518301373
2125 0.0216930457818656
2126 0.0216879433365917
2127 0.0216828444900803
2128 0.021677749238103
2129 0.0216726575764384
2130 0.021667569500872
2131 0.0216624850071962
2132 0.0216574040912105
2133 0.021652326748721
2134 0.021647252975541
2135 0.0216421827674903
2136 0.0216371161203958
2137 0.0216320530300912
2138 0.021626993492417
2139 0.0216219375032205
2140 0.0216168850583558
2141 0.0216118361536838
2142 0.0216067907850721
2143 0.0216017489483952
2144 0.021596710639534
2145 0.0215916758543765
2146 0.0215866445888173
2147 0.0215816168387575
2148 0.0215765926001052
2149 0.0215715718687748
2150 0.0215665546406877
2151 0.0215615409117717
2152 0.0215565306779613
2153 0.0215515239351977
2154 0.0215465206794286
2155 0.0215415209066082
2156 0.0215365246126974
2157 0.0215315317936636
2158 0.0215265424454809
2159 0.0215215565641296
2160 0.0215165741455968
2161 0.0215115951858759
2162 0.021506619680967
2163 0.0215016476268765
2164 0.0214966790196174
2165 0.0214917138552089
2166 0.021486752129677
2167 0.0214817938390538
2168 0.0214768389793779
2169 0.0214718875466944
2170 0.0214669395370546
2171 0.0214619949465163
2172 0.0214570537711437
2173 0.0214521160070072
2174 0.0214471816501836
2175 0.0214422506967559
2176 0.0214373231428136
2177 0.0214323989844524
2178 0.0214274782177742
2179 0.0214225608388872
2180 0.021417646843906
2181 0.0214127362289512
2182 0.0214078289901497
2183 0.0214029251236348
2184 0.0213980246255456
2185 0.0213931274920279
2186 0.0213882337192332
2187 0.0213833433033195
2188 0.0213784562404506
2189 0.0213735725267969
2190 0.0213686921585344
2191 0.0213638151318456
2192 0.021358941442919
2193 0.0213540710879491
2194 0.0213492040631365
2195 0.0213443403646879
2196 0.021339479988816
2197 0.0213346229317396
2198 0.0213297691896834
2199 0.0213249187588783
2200 0.021320071635561
2201 0.0213152278159744
2202 0.0213103872963671
2203 0.0213055500729938
2204 0.0213007161421152
2205 0.021295885499998
2206 0.0212910581429146
2207 0.0212862340671434
2208 0.0212814132689687
2209 0.0212765957446809
2210 0.0212717814905759
2211 0.0212669705029557
2212 0.0212621627781281
2213 0.0212573583124068
2214 0.0212525571021113
2215 0.0212477591435668
2216 0.0212429644331044
2217 0.021238172967061
2218 0.0212333847417793
2219 0.0212285997536077
2220 0.0212238179989004
2221 0.0212190394740174
2222 0.0212142641753243
2223 0.0212094920991926
2224 0.0212047232419993
2225 0.0211999576001272
2226 0.0211951951699649
2227 0.0211904359479065
2228 0.0211856799303518
2229 0.0211809271137064
2230 0.0211761774943813
2231 0.0211714310687934
2232 0.0211666878333651
2233 0.0211619477845242
2234 0.0211572109187045
2235 0.0211524772323451
2236 0.0211477467218907
2237 0.0211430193837916
2238 0.0211382952145038
2239 0.0211335742104886
2240 0.0211288563682129
2241 0.0211241416841493
2242 0.0211194301547756
2243 0.0211147217765753
2244 0.0211100165460375
2245 0.0211053144596564
2246 0.0211006155139319
2247 0.0210959197053695
2248 0.0210912270304799
2249 0.0210865374857792
2250 0.0210818510677892
2251 0.0210771677730368
2252 0.0210724875980545
2253 0.0210678105393801
2254 0.0210631365935567
2255 0.0210584657571331
2256 0.021053798026663
2257 0.0210491333987057
2258 0.0210444718698259
2259 0.0210398134365934
2260 0.0210351580955836
2261 0.0210305058433768
2262 0.021025856676559
2263 0.0210212105917212
2264 0.0210165675854599
2265 0.0210119276543767
2266 0.0210072907950784
2267 0.0210026570041772
2268 0.0209980262782904
2269 0.0209933986140406
2270 0.0209887740080557
2271 0.0209841524569685
2272 0.0209795339574172
2273 0.0209749185060453
2274 0.0209703060995011
2275 0.0209656967344384
2276 0.0209610904075159
2277 0.0209564871153977
2278 0.0209518868547528
2279 0.0209472896222554
2280 0.0209426954145848
2281 0.0209381042284253
2282 0.0209335160604666
2283 0.0209289309074031
2284 0.0209243487659344
2285 0.0209197696327652
2286 0.0209151935046053
2287 0.0209106203781694
2288 0.0209060502501773
2289 0.0209014831173538
2290 0.0208969189764286
2291 0.0208923578241367
2292 0.0208877996572178
2293 0.0208832444724167
2294 0.0208786922664831
2295 0.0208741430361716
2296 0.0208695967782421
2297 0.0208650534894589
2298 0.0208605131665916
2299 0.0208559758064147
2300 0.0208514414057075
2301 0.0208469099612542
2302 0.0208423814698439
2303 0.0208378559282707
2304 0.0208333333333333
2305 0.0208288136818357
2306 0.0208242969705862
2307 0.0208197831963985
2308 0.0208152723560907
2309 0.0208107644464859
2310 0.020806259464412
2311 0.0208017574067017
2312 0.0207972582701926
2313 0.0207927620517268
2314 0.0207882687481516
2315 0.0207837783563186
2316 0.0207792908730846
2317 0.0207748062953107
2318 0.0207703246198632
2319 0.0207658458436128
2320 0.020761369963435
2321 0.0207568969762101
2322 0.020752426878823
2323 0.0207479596681634
2324 0.0207434953411256
2325 0.0207390338946085
2326 0.0207345753255159
2327 0.0207301196307561
2328 0.020725666807242
2329 0.0207212168518912
2330 0.020716769761626
2331 0.0207123255333733
2332 0.0207078841640646
2333 0.0207034456506358
2334 0.0206990099900277
2335 0.0206945771791856
2336 0.0206901472150592
2337 0.020685720094603
2338 0.020681295814776
2339 0.0206768743725417
2340 0.0206724557648681
2341 0.0206680399887278
2342 0.020663627041098
2343 0.0206592169189602
2344 0.0206548096193007
2345 0.02065040513911
2346 0.0206460034753834
2347 0.0206416046251203
2348 0.0206372085853249
2349 0.0206328153530058
2350 0.0206284249251759
2351 0.0206240372988527
2352 0.0206196524710581
2353 0.0206152704388184
2354 0.0206108911991643
2355 0.0206065147491311
2356 0.0206021410857582
2357 0.0205977702060897
2358 0.0205934021071738
2359 0.0205890367860634
2360 0.0205846742398155
2361 0.0205803144654915
2362 0.0205759574601573
2363 0.020571603220883
2364 0.0205672517447432
2365 0.0205629030288166
2366 0.0205585570701865
2367 0.0205542138659402
2368 0.0205498734131697
2369 0.0205455357089708
2370 0.020541200750444
2371 0.020536868534694
2372 0.0205325390588295
2373 0.0205282123199639
2374 0.0205238883152145
2375 0.0205195670417031
2376 0.0205152484965555
2377 0.0205109326769018
2378 0.0205066195798765
2379 0.0205023092026182
2380 0.0204980015422697
2381 0.0204936965959779
2382 0.0204893943608941
2383 0.0204850948341736
2384 0.020480798012976
2385 0.020476503894465
2386 0.0204722124758086
2387 0.0204679237541786
2388 0.0204636377267515
2389 0.0204593543907073
2390 0.0204550737432307
2391 0.0204507957815101
2392 0.0204465205027383
2393 0.020442247904112
2394 0.0204379779828322
2395 0.0204337107361038
2396 0.0204294461611359
2397 0.0204251842551417
2398 0.0204209250153383
2399 0.020416668438947
2400 0.0204124145231932
2401 0.0204081632653061
2402 0.0204039146625193
2403 0.0203996687120702
2404 0.0203954254112001
2405 0.0203911847571546
2406 0.0203869467471832
2407 0.0203827113785394
2408 0.0203784786484806
2409 0.0203742485542682
2410 0.0203700210931678
2411 0.0203657962624486
2412 0.0203615740593842
2413 0.0203573544812518
2414 0.0203531375253326
2415 0.020348923188912
2416 0.020344711469279
2417 0.0203405023637267
2418 0.0203362958695521
2419 0.0203320919840561
2420 0.0203278907045435
2421 0.0203236920283231
2422 0.0203194959527073
2423 0.0203153024750127
2424 0.0203111115925597
2425 0.0203069233026724
2426 0.0203027376026789
2427 0.0202985544899112
2428 0.020294373961705
2429 0.0202901960153999
2430 0.0202860206483395
2431 0.0202818478578709
2432 0.0202776776413453
2433 0.0202735099961176
2434 0.0202693449195464
2435 0.0202651824089944
2436 0.0202610224618277
2437 0.0202568650754165
2438 0.0202527102471345
2439 0.0202485579743596
2440 0.0202444082544729
2441 0.0202402610848597
2442 0.0202361164629088
2443 0.0202319743860129
2444 0.0202278348515684
2445 0.0202236978569752
2446 0.0202195633996373
2447 0.0202154314769622
2448 0.0202113020863611
2449 0.0202071752252489
2450 0.0202030508910442
2451 0.0201989290811694
2452 0.0201948097930505
2453 0.0201906930241171
2454 0.0201865787718025
2455 0.0201824670335438
2456 0.0201783578067815
2457 0.0201742510889601
2458 0.0201701468775273
2459 0.0201660451699348
2460 0.0201619459636378
2461 0.020157849256095
2462 0.0201537550447689
2463 0.0201496633271256
2464 0.0201455741006345
2465 0.020141487362769
2466 0.0201374031110059
2467 0.0201333213428255
2468 0.0201292420557119
2469 0.0201251652471524
2470 0.0201210909146383
2471 0.0201170190556642
2472 0.0201129496677282
2473 0.0201088827483322
2474 0.0201048182949812
2475 0.0201007563051842
2476 0.0200966967764535
2477 0.0200926397063049
2478 0.0200885850922577
2479 0.0200845329318348
2480 0.0200804832225625
2481 0.0200764359619706
2482 0.0200723911475925
2483 0.020068348776965
2484 0.0200643088476282
2485 0.020060271357126
2486 0.0200562363030055
2487 0.0200522036828173
2488 0.0200481734941156
2489 0.0200441457344579
2490 0.0200401204014051
2491 0.0200360974925215
2492 0.0200320770053751
2493 0.020028058937537
2494 0.0200240432865818
2495 0.0200200300500877
2496 0.0200160192256359
2497 0.0200120108108114
2498 0.0200080048032022
2499 0.0200040012004001
2500 0.02
2501 0.0199960011996001
2502 0.0199920047968022
2503 0.0199880107892113
2504 0.0199840191744358
2505 0.0199800299500873
2506 0.019976043113781
2507 0.0199720586631353
2508 0.0199680765957718
2509 0.0199640969093156
2510 0.019960119601395
2511 0.0199561446696417
2512 0.0199521721116906
2513 0.0199482019251799
2514 0.0199442341077513
2515 0.0199402686570494
2516 0.0199363055707225
2517 0.0199323448464218
2518 0.019928386481802
2519 0.019924430474521
2520 0.0199204768222399
2521 0.0199165255226231
2522 0.0199125765733382
2523 0.0199086299720561
2524 0.0199046857164508
2525 0.0199007438041998
2526 0.0198968042329835
2527 0.0198928670004856
2528 0.0198889321043932
2529 0.0198849995423965
2530 0.0198810693121886
2531 0.0198771414114662
2532 0.0198732158379291
2533 0.0198692925892801
2534 0.0198653716632253
2535 0.0198614530574739
2536 0.0198575367697384
2537 0.0198536227977344
2538 0.0198497111391805
2539 0.0198458017917985
2540 0.0198418947533136
2541 0.0198379900214539
2542 0.0198340875939505
2543 0.0198301874685379
2544 0.0198262896429536
2545 0.0198223941149382
2546 0.0198185008822355
2547 0.0198146099425921
2548 0.0198107212937582
2549 0.0198068349334866
2550 0.0198029508595335
2551 0.019799069069658
2552 0.0197951895616224
2553 0.019791312333192
2554 0.0197874373821351
2555 0.0197835647062233
2556 0.0197796943032309
2557 0.0197758261709355
2558 0.0197719603071177
2559 0.0197680967095611
2560 0.0197642353760524
2561 0.0197603763043811
2562 0.01975651949234
2563 0.0197526649377248
2564 0.0197488126383341
2565 0.0197449625919697
2566 0.0197411147964364
2567 0.0197372692495417
2568 0.0197334259490965
2569 0.0197295848929143
2570 0.0197257460788118
2571 0.0197219095046087
2572 0.0197180751681275
2573 0.0197142430671938
2574 0.0197104131996361
2575 0.0197065855632859
2576 0.0197027601559775
2577 0.0196989369755484
2578 0.0196951160198388
2579 0.0196912972866919
2580 0.0196874807739539
2581 0.0196836664794739
2582 0.0196798544011038
2583 0.0196760445366985
2584 0.0196722368841158
2585 0.0196684314412165
2586 0.0196646282058641
2587 0.019660827175925
2588 0.0196570283492688
2589 0.0196532317237676
2590 0.0196494372972965
2591 0.0196456450677336
2592 0.0196418550329597
2593 0.0196380671908585
2594 0.0196342815393166
2595 0.0196304980762236
2596 0.0196267167994715
2597 0.0196229377069556
2598 0.0196191607965738
2599 0.0196153860662268
2600 0.0196116135138184
2601 0.0196078431372549
2602 0.0196040749344456
2603 0.0196003089033025
2604 0.0195965450417405
2605 0.0195927833476773
2606 0.0195890238190333
2607 0.0195852664537319
2608 0.0195815112496989
2609 0.0195777582048634
2610 0.0195740073171568
2611 0.0195702585845135
2612 0.0195665120048708
2613 0.0195627675761685
2614 0.0195590252963492
2615 0.0195552851633585
2616 0.0195515471751444
2617 0.0195478113296579
2618 0.0195440776248526
2619 0.019540346058685
2620 0.0195366166291141
2621 0.0195328893341018
2622 0.0195291641716127
2623 0.019525441139614
2624 0.0195217202360758
2625 0.0195180014589707
2626 0.0195142848062741
2627 0.0195105702759642
2628 0.0195068578660218
2629 0.0195031475744302
2630 0.0194994393991758
2631 0.0194957333382473
2632 0.0194920293896363
2633 0.0194883275513369
2634 0.019484627821346
2635 0.0194809301976631
2636 0.0194772346782905
2637 0.0194735412612329
2638 0.0194698499444977
2639 0.0194661607260952
2640 0.0194624736040381
2641 0.0194587885763417
2642 0.0194551056410241
2643 0.0194514247961059
2644 0.0194477460396103
2645 0.0194440693695634
2646 0.0194403947839935
2647 0.0194367222809317
2648 0.0194330518584118
2649 0.01942938351447
2650 0.0194257172471453
2651 0.0194220530544791
2652 0.0194183909345154
2653 0.019414730885301
2654 0.0194110729048851
2655 0.0194074169913194
2656 0.0194037631426583
2657 0.0194001113569588
2658 0.0193964616322803
2659 0.0193928139666848
2660 0.019389168358237
2661 0.019385524805004
2662 0.0193818833050555
2663 0.0193782438564636
2664 0.0193746064573032
2665 0.0193709711056515
2666 0.0193673377995883
2667 0.0193637065371959
2668 0.0193600773165592
2669 0.0193564501357654
2670 0.0193528249929046
2671 0.019349201886069
2672 0.0193455808133534
2673 0.0193419617728553
2674 0.0193383447626745
2675 0.0193347297809133
2676 0.0193311168256765
2677 0.0193275058950714
2678 0.0193238969872078
2679 0.0193202901001979
2680 0.0193166852321564
2681 0.0193130823812005
2682 0.0193094815454497
2683 0.0193058827230263
2684 0.0193022859120546
2685 0.0192986911106616
2686 0.0192950983169768
2687 0.019291507529132
2688 0.0192879187452615
2689 0.0192843319635019
2690 0.0192807471819925
2691 0.0192771643988747
2692 0.0192735836122925
2693 0.0192700048203923
2694 0.0192664280213229
2695 0.0192628532132355
2696 0.0192592803942836
2697 0.0192557095626233
2698 0.019252140716413
2699 0.0192485738538133
2700 0.0192450089729875
2701 0.0192414460721011
2702 0.019237885149322
2703 0.0192343262028205
2704 0.0192307692307692
2705 0.0192272142313432
2706 0.0192236612027198
2707 0.0192201101430788
2708 0.0192165610506022
2709 0.0192130139234745
2710 0.0192094687598825
2711 0.0192059255580152
2712 0.0192023843160642
2713 0.0191988450322232
2714 0.0191953077046884
2715 0.0191917723316582
2716 0.0191882389113334
2717 0.019184707441917
2718 0.0191811779216145
2719 0.0191776503486336
2720 0.0191741247211843
2721 0.0191706010374788
2722 0.0191670792957319
2723 0.0191635594941605
2724 0.0191600416309837
2725 0.019156525704423
2726 0.0191530117127023
2727 0.0191494996540475
2728 0.0191459895266871
2729 0.0191424813288516
2730 0.0191389750587738
2731 0.019135470714689
2732 0.0191319682948345
2733 0.01912846779745
2734 0.0191249692207774
2735 0.0191214725630609
2736 0.0191179778225468
2737 0.0191144849974839
2738 0.0191109940861229
2739 0.0191075050867171
2740 0.0191040179975218
2741 0.0191005328167945
2742 0.0190970495427951
2743 0.0190935681737856
2744 0.0190900887080303
2745 0.0190866111437956
2746 0.0190831354793502
2747 0.0190796617129649
2748 0.0190761898429129
2749 0.0190727198674694
2750 0.0190692517849118
2751 0.01906578559352
2752 0.0190623212915756
2753 0.0190588588773627
2754 0.0190553983491676
2755 0.0190519397052787
2756 0.0190484829439865
2757 0.0190450280635837
2758 0.0190415750623653
2759 0.0190381239386283
2760 0.019034674690672
2761 0.0190312273167978
2762 0.0190277818153091
2763 0.0190243381845117
2764 0.0190208964227133
2765 0.0190174565282241
2766 0.019014018499356
2767 0.0190105823344234
2768 0.0190071480317426
2769 0.0190037155896322
2770 0.0190002850064127
2771 0.0189968562804069
2772 0.0189934294099397
2773 0.018990004393338
2774 0.0189865812289311
2775 0.01898315991505
2776 0.0189797404500281
2777 0.0189763228322008
2778 0.0189729070599056
2779 0.0189694931314821
2780 0.018966081045272
2781 0.0189626707996191
2782 0.0189592623928693
2783 0.0189558558233704
2784 0.0189524510894726
2785 0.0189490481895278
2786 0.0189456471218904
2787 0.0189422478849164
2788 0.0189388504769643
2789 0.0189354548963943
2790 0.0189320611415688
2791 0.0189286692108524
2792 0.0189252791026116
2793 0.0189218908152149
2794 0.0189185043470329
2795 0.0189151196964384
2796 0.0189117368618058
2797 0.0189083558415121
2798 0.0189049766339359
2799 0.0189015992374581
2800 0.0188982236504614
2801 0.0188948498713306
2802 0.0188914778984526
2803 0.0188881077302163
2804 0.0188847393650124
2805 0.018881372801234
2806 0.0188780080372759
2807 0.0188746450715349
2808 0.0188712839024099
2809 0.0188679245283019
2810 0.0188645669476136
2811 0.01886121115875
2812 0.0188578571601179
2813 0.018854504950126
2814 0.0188511545271853
2815 0.0188478058897084
2816 0.0188444590361102
2817 0.0188411139648074
2818 0.0188377706742186
2819 0.0188344291627645
2820 0.0188310894288677
2821 0.0188277514709529
2822 0.0188244152874464
2823 0.0188210808767768
2824 0.0188177482373745
2825 0.0188144173676719
2826 0.0188110882661033
2827 0.018807760931105
2828 0.018804435361115
2829 0.0188011115545736
2830 0.0187977895099228
2831 0.0187944692256065
2832 0.0187911507000707
2833 0.0187878339317632
2834 0.0187845189191336
2835 0.0187812056606337
2836 0.018777894154717
2837 0.018774584399839
2838 0.0187712763944569
2839 0.0187679701370303
2840 0.01876466562602
2841 0.0187613628598894
2842 0.0187580618371032
2843 0.0187547625561284
2844 0.0187514650154337
2845 0.0187481692134898
2846 0.018744875148769
2847 0.0187415828197458
2848 0.0187382922248965
2849 0.0187350033626992
2850 0.0187317162316339
2851 0.0187284308301824
2852 0.0187251471568285
2853 0.0187218652100577
2854 0.0187185849883575
2855 0.0187153064902172
2856 0.018712029714128
2857 0.0187087546585828
2858 0.0187054813220765
2859 0.0187022097031058
2860 0.0186989398001691
2861 0.018695671611767
2862 0.0186924051364015
2863 0.0186891403725767
2864 0.0186858773187984
2865 0.0186826159735744
2866 0.0186793563354141
2867 0.0186760984028288
2868 0.0186728421743318
2869 0.0186695876484379
2870 0.0186663348236639
2871 0.0186630836985285
2872 0.0186598342715519
2873 0.0186565865412564
2874 0.0186533405061659
2875 0.0186500961648063
2876 0.018646853515705
2877 0.0186436125573916
2878 0.018640373288397
2879 0.0186371357072543
2880 0.0186338998124982
2881 0.0186306656026652
2882 0.0186274330762936
2883 0.0186242022319234
2884 0.0186209730680965
2885 0.0186177455833564
2886 0.0186145197762485
2887 0.01861129564532
2888 0.0186080731891197
2889 0.0186048524061983
2890 0.0186016332951081
2891 0.0185984158544034
2892 0.01859520008264
2893 0.0185919859783757
2894 0.0185887735401697
2895 0.0185855627665832
2896 0.0185823536561792
2897 0.0185791462075221
2898 0.0185759404191784
2899 0.0185727362897162
2900 0.0185695338177052
2901 0.018566333001717
2902 0.0185631338403248
2903 0.0185599363321036
2904 0.0185567404756301
2905 0.0185535462694828
2906 0.0185503537122416
2907 0.0185471628024886
2908 0.0185439735388071
2909 0.0185407859197825
2910 0.0185375999440016
2911 0.0185344156100532
2912 0.0185312329165275
2913 0.0185280518620167
2914 0.0185248724451143
2915 0.0185216946644159
2916 0.0185185185185185
2917 0.0185153440060209
2918 0.0185121711255237
2919 0.0185089998756288
2920 0.0185058302549401
2921 0.0185026622620632
2922 0.0184994958956052
2923 0.0184963311541748
2924 0.0184931680363827
2925 0.018490006540841
2926 0.0184868466661634
2927 0.0184836884109655
2928 0.0184805317738643
2929 0.0184773767534787
2930 0.0184742233484292
2931 0.0184710715573377
2932 0.0184679213788279
2933 0.0184647728115254
2934 0.018461625854057
2935 0.0184584805050515
2936 0.0184553367631391
2937 0.0184521946269516
2938 0.0184490540951227
2939 0.0184459151662876
2940 0.0184427778390829
2941 0.0184396421121472
2942 0.0184365079841205
2943 0.0184333754536444
2944 0.0184302445193621
2945 0.0184271151799187
2946 0.0184239874339605
2947 0.0184208612801357
2948 0.0184177367170939
2949 0.0184146137434866
2950 0.0184114923579665
2951 0.0184083725591882
2952 0.0184052543458078
2953 0.0184021377164829
2954 0.018399022669873
2955 0.0183959092046388
2956 0.0183927973194427
2957 0.018389687012949
2958 0.0183865782838231
2959 0.0183834711307322
2960 0.0183803655523452
2961 0.0183772615473324
2962 0.0183741591143657
2963 0.0183710582521186
2964 0.0183679589592661
2965 0.018364861234485
2966 0.0183617650764533
2967 0.0183586704838508
2968 0.0183555774553588
2969 0.0183524859896602
2970 0.0183493960854393
2971 0.0183463077413822
2972 0.0183432209561763
2973 0.0183401357285107
2974 0.018337052057076
2975 0.0183339699405642
2976 0.0183308893776692
2977 0.018327810367086
2978 0.0183247329075114
2979 0.0183216569976438
2980 0.0183185826361828
2981 0.0183155098218299
2982 0.0183124385532878
2983 0.018309368829261
2984 0.0183063006484553
2985 0.0183032340095782
2986 0.0183001689113386
2987 0.0182971053524469
2988 0.0182940433316151
2989 0.0182909828475566
2990 0.0182879238989864
2991 0.018284866484621
2992 0.0182818106031783
2993 0.0182787562533778
2994 0.0182757034339405
2995 0.0182726521435888
2996 0.0182696023810467
2997 0.0182665541450397
2998 0.0182635074342946
2999 0.0182604622475399
3000 0.0182574185835055
