1 0
2 1.09572488362399
3 0.859612366137045
4 0.548620275474054
5 0.554165785385869
6 0.308338211862097
7 0.624129678060591
8 0.174155923635137
9 0.305811534651656
10 0.349090245536687
11 0.427820621518843
12 0.38766990672176
13 0.343173269620668
14 0.429127102959549
15 0.408362388472545
16 0.387548433317347
17 0.324371001725974
18 0.382949573188122
19 0.284235484593941
20 0.300705406429744
21 0.289002892911996
22 0.240741545145843
23 0.274759797788355
24 0.298284585124915
25 0.252948083092351
26 0.237776452499492
27 0.26413145398499
28 0.272026688793365
29 0.235301659909623
30 0.228071050503173
31 0.25107458335918
32 0.252925258773121
33 0.218579540082756
34 0.215083056740045
35 0.222130129073008
36 0.229245475269457
37 0.193111234985517
38 0.209296709390001
39 0.223457280825
40 0.215732828522483
41 0.235235653978636
42 0.208885785959416
43 0.199146880758534
44 0.208957773488306
45 0.193925449332692
46 0.191479719889543
47 0.186477867727513
48 0.20062375006227
49 0.206901275906548
50 0.187698289561005
51 0.187797616539471
52 0.169524718359915
53 0.191709737436292
54 0.196528838185079
55 0.190202871206805
56 0.192159545651286
57 0.179479478330232
58 0.170506719075631
59 0.181385519588796
60 0.164235443539373
61 0.182660188639611
62 0.178929676799468
63 0.183829529610049
64 0.178766357712425
65 0.172576285256841
66 0.179211566669778
67 0.160497661347855
68 0.170912399151153
69 0.179994062788555
70 0.171234417918326
71 0.149966206037041
72 0.149006643489682
73 0.162718148448462
74 0.148382589291755
75 0.159735113080532
76 0.163085611492581
77 0.146643003433414
78 0.157268211947227
79 0.157723808572052
80 0.169606929998484
81 0.14024478169388
82 0.14653605185614
83 0.148638175354655
84 0.150561961305918
85 0.152541500396442
86 0.14879419661426
87 0.147409070304397
88 0.143154961344202
89 0.131543836594766
90 0.148856191484324
91 0.148931538708647
92 0.134926529309884
93 0.141322855260311
94 0.140074837042271
95 0.142297327364089
96 0.148661867318328
97 0.137809229463333
98 0.13747990177313
99 0.142166409835606
100 0.13542308715015
101 0.138072745872483
102 0.138939115676274
103 0.138050241689114
104 0.126874725198944
105 0.12795713809935
106 0.132665999262673
107 0.134135246182338
108 0.132970741960782
109 0.131425852880243
110 0.131986535034933
111 0.133192730774972
112 0.129246050885013
113 0.128863754816689
114 0.134555109588544
115 0.130997086134459
116 0.123399923691495
117 0.132642386832328
118 0.128123521677281
119 0.116445796536233
120 0.113422148036254
121 0.116817578156806
122 0.117484663305826
123 0.122294035955803
124 0.117972078640871
125 0.124600407210118
126 0.128481933075947
127 0.122187845445347
128 0.120339048606724
129 0.128427041667676
130 0.117033529346629
131 0.122415695528419
132 0.119541107152477
133 0.124034435030292
134 0.115825336456524
135 0.114958382151433
136 0.114979441688193
137 0.116069813735431
138 0.116596760631957
139 0.118392207931574
140 0.112168535075961
141 0.116733494435539
142 0.111142265992903
143 0.109554874473115
144 0.117960226504449
145 0.11855279105756
146 0.116178186026077
147 0.110912039592701
148 0.112558455823911
149 0.102571618040665
150 0.11136586709266
151 0.11052883627728
152 0.114462944187626
153 0.109265050680253
154 0.109765116900513
155 0.106217092010313
156 0.112713180493128
157 0.107067547019414
158 0.109581908070378
159 0.108911403234813
160 0.112456767967722
161 0.108901909484185
162 0.106089982432692
163 0.109358152523657
164 0.108257326595719
165 0.109936296411139
166 0.0995931542806296
167 0.104546241513253
168 0.103256399460236
169 0.0998344541757193
170 0.111520729371651
171 0.101163111004461
172 0.10939147433309
173 0.100023533587816
174 0.0993464509181488
175 0.105036874672817
176 0.100658108927317
177 0.104626382703428
178 0.0986727566013992
179 0.106683812627021
180 0.0995197465520891
181 0.0969904243940611
182 0.100828359322231
183 0.0975626832421894
184 0.095003431245007
185 0.104577242882752
186 0.101181983952736
187 0.0982792648572709
188 0.10289846566007
189 0.104487706513008
190 0.100705531245659
191 0.0979738404772824
192 0.0988988112368827
193 0.100469630732888
194 0.10010468853645
195 0.0939302527230852
196 0.0999955323633857
197 0.0956949402257983
198 0.0943524126123655
199 0.0963872124023192
200 0.103197900996603
201 0.098098610234276
202 0.093055905078178
203 0.0943453450775324
204 0.0836041757231182
205 0.0944739059432054
206 0.0941797718635576
207 0.0968067709248858
208 0.0934604030693728
209 0.0982985464105776
210 0.0966283188062556
211 0.092761220326269
212 0.0935668424915126
213 0.0934557063499838
214 0.0948095851565877
215 0.0924453652454541
216 0.0954786415741271
217 0.0921845922042866
218 0.0946896815610334
219 0.0951554126335146
220 0.0906106555992007
221 0.0905231414526304
222 0.0943226863526238
223 0.0925265557152723
224 0.0923302975964256
225 0.0900951445876848
226 0.0933364082355575
227 0.0913986080510162
228 0.0886421447874088
229 0.0922561329588313
230 0.0914144021649956
231 0.0916374881312984
232 0.0937285711750702
233 0.0907347625194152
234 0.0881881552036983
235 0.0871116215527578
236 0.0951529876755004
237 0.0902351948773936
238 0.0867178141280181
239 0.0900324305259716
240 0.0907528720666095
241 0.0896383887684497
242 0.090188704377895
243 0.0870510226902592
244 0.0911592400482954
245 0.0893998753332127
246 0.0865047850114565
247 0.0858091872288306
248 0.0912894559069425
249 0.0883131912594636
250 0.084616895778681
251 0.0860100539635687
252 0.0839831998043957
253 0.0828161223752985
254 0.0863018506484506
255 0.0859508260539305
256 0.0825813149001903
257 0.0867740105631705
258 0.0867442797815838
259 0.0872030408824799
260 0.0847193060581724
261 0.0863253252408786
262 0.0854571147099379
263 0.0870607319603292
264 0.0862433221130319
265 0.0787367149928518
266 0.082390391664999
267 0.0819223009028569
268 0.085293552500127
269 0.0856621887856607
270 0.0823088853381099
271 0.0763970396023449
272 0.0836635935172573
273 0.0804465330443182
274 0.080192885354951
275 0.0836628406006932
276 0.0821630050315765
277 0.0842936693296831
278 0.0850618395675224
279 0.0799107733181614
280 0.0822572223361368
281 0.0818380866678167
282 0.0833837273643289
283 0.077488926448149
284 0.0809981240509234
285 0.08034245032425
286 0.0781542858702082
287 0.0775817439769393
288 0.0820633691834811
289 0.0812763013925224
290 0.0833079190131283
291 0.0817077567446854
292 0.082146456542608
293 0.0782986615715999
294 0.0802642374411747
295 0.0790039321043918
296 0.0787491433418573
297 0.0795313611746857
298 0.0772618509883963
299 0.073255359212834
300 0.0758574518961105
301 0.0794102188055845
302 0.0783026533391587
303 0.0796398751221838
304 0.078473841399727
305 0.0785011759202357
306 0.078500612376688
307 0.0788175516637787
308 0.0800252621733594
309 0.076359446314208
310 0.0743430979605587
311 0.0767560681056295
312 0.0745975789629095
313 0.0784208032192067
314 0.0820819680826302
315 0.073773242536789
316 0.0784622894367879
317 0.0802946015329205
318 0.0781216463417339
319 0.0736452862047995
320 0.0781045869276173
321 0.0802779386935807
322 0.0780185823290609
323 0.0784671155398343
324 0.0717821247329817
325 0.077963918364736
326 0.077355979642511
327 0.075703262901224
328 0.0771312993560866
329 0.0765891295439953
330 0.0768230022840064
331 0.0741303599272282
332 0.0739787749158881
333 0.0710381093335619
334 0.0739984385424638
335 0.0745787466979137
336 0.073599941330034
337 0.0748324081847378
338 0.0772622293021139
339 0.0740282605077079
340 0.0753529801295023
341 0.0713186612332456
342 0.0748376682051599
343 0.075815124861495
344 0.0718325070758438
345 0.0722734852040237
346 0.073575999092624
347 0.0752503866519199
348 0.0748894294222651
349 0.0725733493306569
350 0.0727181219361799
351 0.0736453393236637
352 0.0719436025183336
353 0.0721700293126466
354 0.0726388108158984
355 0.0735865413270271
356 0.072646013103092
357 0.0696382073755212
358 0.0735100999668151
359 0.0709179715374403
360 0.0718656553904454
361 0.0728079847604079
362 0.0733461816725949
363 0.0732199589588694
364 0.072452020685311
365 0.0714177119531359
366 0.072566934474339
367 0.072186816653436
368 0.07179373642404
369 0.0719249262228691
370 0.0675500260951797
371 0.072870234275175
372 0.0709175018570488
373 0.0714541127340204
374 0.0730163780471023
375 0.0718085458260899
376 0.0728731396646117
377 0.0698640447725997
378 0.071326888444018
379 0.0701382910522062
380 0.071323294040758
381 0.0709811264694005
382 0.0709849071300342
383 0.0667476386096702
384 0.0692312737576982
385 0.070927444708605
386 0.0672446543043706
387 0.0712599127097049
388 0.0718806511904881
389 0.0692969477044361
390 0.0683941789240323
391 0.0693359130111291
392 0.071480357298398
393 0.0682879994933418
394 0.0693027732761941
395 0.0674850840708049
396 0.0671735506443549
397 0.0679547194200084
398 0.0698090857672863
399 0.066072663608427
400 0.0686894613525492
401 0.0672785052514766
402 0.0696664447000394
403 0.0683428072747665
404 0.0670111117545825
405 0.066831527870336
406 0.0687055101938844
407 0.0671468367810397
408 0.0680293418637786
409 0.0691985823268362
410 0.0707633681515847
411 0.0664775045312924
412 0.0651403059671593
413 0.0666006728722
414 0.0668286910988461
415 0.0686991473641426
416 0.0651410377266851
417 0.0672274268617644
418 0.0675438281771958
419 0.0687638037125273
420 0.0653174654461671
421 0.0660468125366453
422 0.0628750505875161
423 0.06724817209869
424 0.0663792461871421
425 0.0676820273037161
426 0.0658340735115723
427 0.066381711978939
428 0.0663650861352875
429 0.0667198260719774
430 0.0657646649794359
431 0.0674148252111151
432 0.0654174544347942
433 0.0672614717252474
434 0.0681926637794579
435 0.0667736827755449
436 0.0646764971667584
437 0.064210176805608
438 0.0658112841868899
439 0.068696371634477
440 0.0663163412038055
441 0.064275341499342
442 0.065609277728305
443 0.0646248744462131
444 0.0690649807099853
445 0.0661583159066459
446 0.0629939913972167
447 0.0663392908157663
448 0.0635625948079741
449 0.0662249911020397
450 0.0653641913991176
451 0.0641180523801263
452 0.0662192080497112
453 0.0644049537291165
454 0.0642551958451498
455 0.0655371545408462
456 0.0633842718749771
457 0.0663205754513339
458 0.0636422823321512
459 0.0625708118121437
460 0.0639030543509977
461 0.063363749831171
462 0.0644727313374962
463 0.0630116805264687
464 0.064447001892637
465 0.063108386931446
466 0.0628630208092103
467 0.0617759722110979
468 0.0634769307678106
469 0.0643145522557031
470 0.0630599391724761
471 0.0627270342734525
472 0.0632488253954429
473 0.0621161054869436
474 0.0647138714011191
475 0.0645748273130847
476 0.0620593091416449
477 0.0631571279393508
478 0.0637707183922421
479 0.0640423077919333
480 0.0617735895157321
481 0.0606752210148528
482 0.0625711221821755
483 0.0640430458694935
484 0.0630344796939263
485 0.0629292859001793
486 0.0625728689900737
487 0.0607778273527466
488 0.0633201993752458
489 0.0614595859965051
490 0.0606942853454575
491 0.0633233919159744
492 0.0629935001003092
493 0.0606871588781649
494 0.0608409865823225
495 0.0606819927317785
496 0.0635212637400482
497 0.0621114652215473
498 0.061754489887647
499 0.0616356799506084
500 0.0622464387752802
501 0.0627828975831023
502 0.0604982427878751
503 0.0611297336862828
504 0.062140920360158
505 0.0620941821727549
506 0.059226969146797
507 0.0611947222136892
508 0.061241688491619
509 0.0615732941146864
510 0.0625554238174288
511 0.0615124908550203
512 0.0604766925386252
513 0.0585501935926986
514 0.0588288990953649
515 0.0591973345921936
516 0.0607283992263548
517 0.0578270749855565
518 0.0597642421507508
519 0.0589396173333755
520 0.0622901786012312
521 0.0595811545102271
522 0.060118675754741
523 0.0602477002282174
524 0.058337663636647
525 0.0581914670709512
526 0.0600370024500418
527 0.0594248059890894
528 0.060027769626089
529 0.0613927679502602
530 0.0584311220252262
531 0.0587020650555565
532 0.0579868047304925
533 0.059039830114296
534 0.0600551668791058
535 0.0598256343111596
536 0.058868092785909
537 0.0600082565458341
538 0.0574380908411263
539 0.0600167363662155
540 0.0609856245584255
541 0.0602099333780123
542 0.0611239607653008
543 0.0576164714782475
544 0.0586641415774216
545 0.0593705729719773
546 0.0586097181045047
547 0.0580274651478484
548 0.0583104725910251
549 0.0579781468175012
550 0.0581986378016749
551 0.0593094191042116
552 0.059106274021862
553 0.0589616069688296
554 0.0564783776381752
555 0.05728420242724
556 0.0582869638955271
557 0.0579891653980397
558 0.0580765772180531
559 0.0589192948927609
560 0.0577748502937657
561 0.0594339300064691
562 0.0583135710149414
563 0.0570468446763083
564 0.0586824867838884
565 0.058411439268405
566 0.0576670689487924
567 0.0574100584603327
568 0.0588444891832847
569 0.0561617076823228
570 0.0593119189022214
571 0.058252799379061
572 0.0562559059315293
573 0.0589241793187715
574 0.0563680788836974
575 0.0560189758597813
576 0.058669277787893
577 0.0557244025418299
578 0.0584242680814282
579 0.0569272691122476
580 0.0568765548201373
581 0.0578981869941082
582 0.0561714444783141
583 0.0541436261151527
584 0.0563793163166192
585 0.0567283175701886
586 0.0575125282066363
587 0.0576241262742316
588 0.0572065451041853
589 0.0584426157468548
590 0.0578505192492249
591 0.0561472488248022
592 0.0570013612773853
593 0.0564689543418572
594 0.0581905257731296
595 0.0553962392560675
596 0.0561406938888396
597 0.0562124306088873
598 0.0556771486255454
599 0.0564056430931581
600 0.0558487727424246
601 0.0547764639030194
602 0.0564340784569513
603 0.0561372064691207
604 0.055804862679387
605 0.0568527148397642
606 0.0558582142166
607 0.0560869761738999
608 0.0546318304143887
609 0.0573937366649183
610 0.0552448308944554
611 0.0552544695501581
612 0.0548069615196797
613 0.0568574564609213
614 0.0551977660742418
615 0.0569635968271706
616 0.0561618127410112
617 0.0544161448453793
618 0.0553584250310172
619 0.0558235965115838
620 0.0541756903509307
621 0.0565192768916402
622 0.0539470455869333
623 0.0558560353032814
624 0.0552803675848617
625 0.05608092249682
626 0.0555560737813854
627 0.0569107712341167
628 0.0551224552453243
629 0.0548825437756079
630 0.05356695605002
631 0.0538747989118558
632 0.0551503306972158
633 0.0544525865794271
634 0.0553377840981602
635 0.0542962291742972
636 0.056404433294066
637 0.0559739380985337
638 0.053854266797687
639 0.0563257253880495
640 0.0531912041338228
641 0.0562823648641213
642 0.0556969233866307
643 0.0539788556518398
644 0.0543785286054486
645 0.0542188001419482
646 0.0537546745739702
647 0.053401328943515
648 0.0534104809496439
649 0.0529777503225622
650 0.0537625586051314
651 0.0554914056736641
652 0.0537305099659035
653 0.0546412393121821
654 0.0541257548567008
655 0.0537620840300536
656 0.0547253928501702
657 0.0511264595688878
658 0.0531619464875243
659 0.0531717719671609
660 0.0537322840096101
661 0.0536147191934147
662 0.0537245588914861
663 0.0550755857392117
664 0.0541999519852404
665 0.0524719976806276
666 0.051167725033845
667 0.0542477534819171
668 0.053774056757424
669 0.0549721669260855
670 0.0513902636113996
671 0.053037868726725
672 0.0526491539811911
673 0.052740950108055
674 0.0526514406870002
675 0.0534426425457423
676 0.0520623854191011
677 0.0531843468671503
678 0.0537364421956328
679 0.0538426343778011
680 0.0528983146983099
681 0.0525647578059279
682 0.0526520258750297
683 0.0520848252091449
684 0.0534817225245941
685 0.0531972765197305
686 0.0513398329452293
687 0.0518296218993443
688 0.050807941732584
689 0.0527534967994689
690 0.0516910220011464
691 0.051732383054446
692 0.0516567924521422
693 0.0539976051217001
694 0.0519300192727636
695 0.0506339576687893
696 0.0534278223051288
697 0.0522732213302886
698 0.0518679946349207
699 0.0518536094726487
700 0.0523721852559059
701 0.0527414550402245
702 0.0508717333109906
703 0.0536035870762906
704 0.0513331238390061
705 0.0512487811284081
706 0.0528223194627882
707 0.050310506953702
708 0.0510269573237273
709 0.0526731161983394
710 0.0517438316906076
711 0.0505535409103353
712 0.0507144154383807
713 0.0519395702877297
714 0.0520161254137873
715 0.0511091476913449
716 0.0512233137650513
717 0.0505006433175857
718 0.0509849751058993
719 0.0528295951743453
720 0.0526744627748736
721 0.0499380330078359
722 0.0523057778331744
723 0.0526553581477961
724 0.0514391577657396
725 0.0502423528086367
726 0.0516481478143453
727 0.0506518196374133
728 0.0514754160825509
729 0.0504266706016754
730 0.0494067921393246
731 0.049799382009245
732 0.0507114219518552
733 0.0510987467924708
734 0.0505110027765928
735 0.0503109991701662
736 0.0516495538561484
737 0.051363321894835
738 0.0512312191047853
739 0.0508089380295358
740 0.0507839483864744
741 0.0521798387213196
742 0.0509269970692975
743 0.0521169357482417
744 0.0492726792526008
745 0.0507144298236503
746 0.0505185104653593
747 0.0506231371139595
748 0.0489320121378494
749 0.0493837327838292
750 0.0511006419038722
751 0.0494964601215826
752 0.0500503288141023
753 0.049623760706223
754 0.0504197353710729
755 0.0487321210234101
756 0.0507050475967315
757 0.0495905447184097
758 0.0513667872335734
759 0.0486414761413518
760 0.0490142774021777
761 0.048649264214651
762 0.0483963842446249
763 0.0500592564542975
764 0.0504476157140573
765 0.0500874737698863
766 0.0490948935195929
767 0.0490712949238621
768 0.049295204460409
769 0.0499582368692727
770 0.0491529771140399
771 0.049035362015091
772 0.0487870969435453
773 0.0475054883417074
774 0.0488705843370408
775 0.0494274826365475
776 0.0494328952789969
777 0.0494391672968224
778 0.0500550504652328
779 0.0499148780936976
780 0.048290504748904
781 0.0476735058153515
782 0.050226631099012
783 0.0493221393224415
784 0.0485543983825199
785 0.049526074895392
786 0.049284919225454
787 0.0492886370253966
788 0.048645252312799
789 0.0499612433524938
790 0.0480122052569096
791 0.0487610391232161
792 0.0495631955736826
793 0.0481393826436791
794 0.0498681680771775
795 0.0489948388472848
796 0.047546998941624
797 0.0488442558723094
798 0.0475058827094391
799 0.0477742241722003
800 0.049540391327412
801 0.0492673061581394
802 0.0477899574403019
803 0.0481293407941385
804 0.0484284663933968
805 0.049313702817281
806 0.0479752107146926
807 0.0482588273870784
808 0.0484592048133743
809 0.0497091552864208
810 0.0482215584176227
811 0.0488689337527716
812 0.0487441432812778
813 0.0485295527011339
814 0.0472141015859493
815 0.0494013210065237
816 0.048782258488613
817 0.0486165502402163
818 0.047041226015912
819 0.0483627551963954
820 0.0473168251123449
821 0.0480983705216749
822 0.0481950863828612
823 0.0482736071604445
824 0.0472269964697467
825 0.0476030427917774
826 0.0474209878493601
827 0.0460020848759064
828 0.0477259382202894
829 0.0469333672400824
830 0.0486355391083867
831 0.0474823764414402
832 0.0476356394073699
833 0.0481311487318983
834 0.0478371314973747
835 0.0473207201695524
836 0.0482050833532601
837 0.0461033026786098
838 0.0491498894165297
839 0.0464797002361033
840 0.0475672802517676
841 0.047101718460416
842 0.0455762920124047
843 0.0475080732350774
844 0.0460414171981591
845 0.0463468083505163
846 0.048458243499768
847 0.0475182639185101
848 0.0459629746695329
849 0.0470982023013701
850 0.0477676078162309
851 0.0473515895660415
852 0.0461049806403482
853 0.0471424392000712
854 0.0474524978719717
855 0.0466514373865275
856 0.0472710296158479
857 0.0470262707369411
858 0.0482404636760175
859 0.0461009501080252
860 0.0474497160180785
861 0.0462488326355179
862 0.0460197175190706
863 0.0471542437297276
864 0.0472199473304351
865 0.0475474338804485
866 0.046555740161572
867 0.0472341289427038
868 0.0470516484064596
869 0.0474363203448442
870 0.047522284195116
871 0.0466750079808698
872 0.0451636318339395
873 0.0464669720475911
874 0.046528211312083
875 0.0470851120762087
876 0.0465545221601716
877 0.0464437572473042
878 0.0460541703728555
879 0.0474437268084945
880 0.0464113066980606
881 0.0456798236047835
882 0.0455959428631318
883 0.0463136776689828
884 0.0467286245830851
885 0.0471862746222258
886 0.0468761880964009
887 0.0465092938490151
888 0.0466811568374805
889 0.0470137712311977
890 0.0467805948970563
891 0.04587724547935
892 0.0462731069867809
893 0.0460242934405324
894 0.0460986683167687
895 0.0465780847141484
896 0.0465786408488246
897 0.0456377372910793
898 0.0465666334479891
899 0.0468657529559707
900 0.0465174608786973
901 0.0462737130051525
902 0.0455772197580403
903 0.0458873778074921
904 0.0457949232070354
905 0.0457179750889569
906 0.0444992196049181
907 0.0456362878706681
908 0.0453290415593412
909 0.0457850098196451
910 0.0454608665274102
911 0.0458672513940306
912 0.0462670630895666
913 0.0458185638312283
914 0.0451776726312835
915 0.0457354025813568
916 0.045533111836262
917 0.0448517448504761
918 0.0450496338899343
919 0.0457121068841482
920 0.0446116620022463
921 0.0463247454297802
922 0.0472147478775946
923 0.0456003201282408
924 0.0462435264140235
925 0.0453699038209745
926 0.0455069784086731
927 0.0453802695619519
928 0.0450165385371191
929 0.0449849037699973
930 0.0461886756871902
931 0.0450093155829089
932 0.0457003363592896
933 0.0446796056672755
934 0.0437537173227596
935 0.0438840084207036
936 0.0447907087224549
937 0.0453505936193324
938 0.0459283997923608
939 0.0456621772504743
940 0.044892861865234
941 0.0447730056928228
942 0.0451592914673247
943 0.0444126653201753
944 0.0433462938682899
945 0.0449821867021981
946 0.0442860534957423
947 0.0444174751682933
948 0.0447480113008648
949 0.0452362181323754
950 0.0455200599167185
951 0.0443985729398539
952 0.0450627673395108
953 0.0438406507184102
954 0.0448110427680456
955 0.0443687573996281
956 0.0452165213640747
957 0.0450669514742041
958 0.0438828272885289
959 0.0448440956330067
960 0.0449544190387347
961 0.0450548002508262
962 0.0447249140920517
963 0.0450883982820565
964 0.0439919260891698
965 0.044432703906418
966 0.0438944162559982
967 0.0446529198995722
968 0.042513402428357
969 0.0438765118555811
970 0.0439537444131433
971 0.0437499997747455
972 0.0449453133042222
973 0.0439274078002748
974 0.0435852657271797
975 0.0449523574065127
976 0.0432308930397644
977 0.0443185239922211
978 0.0437093177283508
979 0.0437338867931916
980 0.0436729934807297
981 0.0434547132793197
982 0.0450067472221878
983 0.0439618954646854
984 0.0437764325486171
985 0.0438954006544733
986 0.0438583355457155
987 0.043794312851973
988 0.0440739809497605
989 0.0440113370820389
990 0.0432619544305534
991 0.0444625931680683
992 0.0445023982688622
993 0.043034938658178
994 0.0445464500859633
995 0.0432536205322376
996 0.0437424142976363
997 0.0435865033096745
998 0.0439607623919178
999 0.0444003817742374
1000 0.0441248022725334
1001 0.0442337778325156
1002 0.044196400558509
1003 0.043997973146258
1004 0.0434701101782136
1005 0.0423059618021285
1006 0.0438619817240235
1007 0.0438449392429505
1008 0.0443296131469199
1009 0.0439914509791558
1010 0.0435001742628593
1011 0.0417912534779541
1012 0.042273824154244
1013 0.0439232866219947
1014 0.0429883402897935
1015 0.0423587149277402
1016 0.0439239908314534
1017 0.0438768307955643
1018 0.0430795464581941
1019 0.0437176471863997
1020 0.0432140658892772
1021 0.043068625669679
1022 0.0422626193853383
1023 0.0429352328870014
1024 0.0424777650298459
1025 0.0434584629062152
1026 0.0438780745581751
1027 0.0431405178608078
1028 0.0421399203607902
1029 0.0434925618779621
1030 0.04359284776781
1031 0.0425906388216254
1032 0.0428367269552664
1033 0.0428423706395351
1034 0.0431090976059961
1035 0.042615602572234
1036 0.0428740808952718
1037 0.0427583114501122
1038 0.0431081399676679
1039 0.0427753224467937
1040 0.0430680982830199
1041 0.0430500521049161
1042 0.0433049232852895
1043 0.0412885984367949
1044 0.0423129040729513
1045 0.0431785028235327
1046 0.0417122032350145
1047 0.0431883816397505
1048 0.042822380670982
1049 0.0415183692018635
1050 0.0425368449961459
1051 0.0427111628472805
1052 0.0422665415861344
1053 0.042806681771087
1054 0.0416765950802394
1055 0.0418418224854443
1056 0.0412806453007315
1057 0.044008761003878
1058 0.0417446561632701
1059 0.043499188552499
1060 0.0428660675223132
1061 0.0414298941798077
1062 0.0430038786899225
1063 0.0420411642563593
1064 0.0424211712158311
1065 0.041218348128533
1066 0.0427690751554673
1067 0.0424841258258637
1068 0.0419678957239315
1069 0.0414459954606589
1070 0.0421222845774274
1071 0.0416192599095122
1072 0.040759242598258
1073 0.0421526666263535
1074 0.0413035480123753
1075 0.0418976446321313
1076 0.0417765347799234
1077 0.0421786065750412
1078 0.0428705579797221
1079 0.0424146942207706
1080 0.0417700529160356
1081 0.0417076389746173
1082 0.0413741649990361
1083 0.0414258529953039
1084 0.0417382650312759
1085 0.0414436328236556
1086 0.0420879746004764
1087 0.0417996125633816
1088 0.0417074202893938
1089 0.0410521876246119
1090 0.0412744786838255
1091 0.041149862129985
1092 0.0414588679349574
1093 0.041533839600825
1094 0.0410187478099027
1095 0.0417038181631411
1096 0.0415620320445784
1097 0.0419927650966845
1098 0.0421509157231122
1099 0.0411162573933944
1100 0.0413393658214211
1101 0.0417859533903907
1102 0.0410661909131753
1103 0.0416932833059431
1104 0.0410625771829639
1105 0.0408380114736532
1106 0.0413435277610046
1107 0.0413608008782309
1108 0.0419023042485888
1109 0.0417095107429957
1110 0.0415072970613446
1111 0.0412982452098376
1112 0.0413953575649602
1113 0.042463417359048
1114 0.0413622488659205
1115 0.0405346294801633
1116 0.0409776621298397
1117 0.0410996262782654
1118 0.0410224187080936
1119 0.0398486177205962
1120 0.0416160883085148
1121 0.0413553042396284
1122 0.0414763508913429
1123 0.0403927861527318
1124 0.0416986874261703
1125 0.0408824170119228
1126 0.0411175335824953
1127 0.0408433039230554
1128 0.0409117885507277
1129 0.0407318739749097
1130 0.0401029326071714
1131 0.04105482793699
1132 0.0415605995369506
1133 0.0398838583535889
1134 0.0407559205892377
1135 0.0415200140200483
1136 0.0411860392023552
1137 0.0400633274653375
1138 0.0410665350232472
1139 0.0400475214060905
1140 0.0402814935859099
1141 0.0410311314482042
1142 0.0405203608682324
1143 0.0405985630821409
1144 0.0405965288636913
1145 0.0411236591623666
1146 0.0403383483694316
1147 0.040585410989658
1148 0.0409183542670729
1149 0.0396946422746381
1150 0.0401230399519653
1151 0.0398181614276151
1152 0.039873941568903
1153 0.040901275585263
1154 0.0401526076758823
1155 0.0402622115863274
1156 0.039962751779922
1157 0.0407463519825432
1158 0.0410086758541442
1159 0.040433685954068
1160 0.0402988155992232
1161 0.0404490030996849
1162 0.0407687486489113
1163 0.0412779079943004
1164 0.0400751490742191
1165 0.0399564166304047
1166 0.0402559325303004
1167 0.0397515536159651
1168 0.0402095122151043
1169 0.0402384083188185
1170 0.0409084033441288
1171 0.0399506079915739
1172 0.0401512757410908
1173 0.0406392425748108
1174 0.0404385397640809
1175 0.0394542990397528
1176 0.0404825997038493
1177 0.0396486870576351
1178 0.0398853712690235
1179 0.03994116124553
1180 0.0401119806180292
1181 0.0395424482445983
1182 0.0394094331027216
1183 0.0399425907101341
1184 0.0398751056815749
1185 0.039987648833839
1186 0.0402063272712829
1187 0.0406481583933944
1188 0.039649929469612
1189 0.0396641220036557
1190 0.0402191911698909
1191 0.0395378615469083
1192 0.0392314960656638
1193 0.040040834444052
1194 0.0398885918196006
1195 0.0400060197537998
1196 0.0391417609170625
1197 0.0396231231200305
1198 0.0393393404579496
1199 0.0396757070601975
1200 0.0398367462274398
1201 0.0401599957286987
1202 0.0397187686893798
1203 0.0397341117602258
1204 0.0392977020526152
1205 0.0405263786542606
1206 0.0395006319711443
1207 0.0394140489591711
1208 0.0403104443442292
1209 0.0391922016306496
1210 0.0388683625962897
1211 0.0394339974415223
1212 0.0399200694089164
1213 0.0399296723226706
1214 0.03945402841624
1215 0.0398081882975265
1216 0.0396159407567808
1217 0.0389992764873815
1218 0.0392007157253044
1219 0.039963495605819
1220 0.0397035837211385
1221 0.03883072392571
1222 0.0389610339304848
1223 0.0403198170528975
1224 0.0391194353825543
1225 0.0392530627206579
1226 0.0381080330089156
1227 0.0389721826609734
1228 0.0390605745315929
1229 0.0401085210450371
1230 0.0393774883219549
1231 0.0390736782329405
1232 0.0388741005713313
1233 0.0394251399601846
1234 0.0387402547958153
1235 0.0393857890736068
1236 0.0386842522327735
1237 0.0392352716153576
1238 0.0383152399192041
1239 0.0389323327710007
1240 0.0389505579993982
1241 0.0389787732440994
1242 0.0387454482067439
1243 0.0389311764846352
1244 0.0379562917595627
1245 0.0395468076865532
1246 0.0392964260171544
1247 0.0393054339416264
1248 0.0384237364765975
1249 0.0395610439048866
1250 0.0389896118209802
1251 0.0393141800343969
1252 0.0392894213346641
1253 0.0386253214351107
1254 0.0392046435485703
1255 0.0397859738143377
1256 0.0381820955427813
1257 0.0388623989169907
1258 0.0387213184538662
1259 0.0385551694952005
1260 0.0376099521401684
1261 0.0385968953977823
1262 0.0396344818168367
1263 0.03835152166511
1264 0.0392573560430249
1265 0.0386042094348874
1266 0.0374026546650912
1267 0.0387188337166572
1268 0.0385036141150198
1269 0.0386718288015594
1270 0.0388104080089631
1271 0.0382363679206801
1272 0.0390709754630485
1273 0.0387763384894315
1274 0.0371035232976617
1275 0.0380989519609512
1276 0.0378621850581946
1277 0.039218048551312
1278 0.0388600425544813
1279 0.0384566119891334
1280 0.0385044532406505
1281 0.0384628696518813
1282 0.0374038298925241
1283 0.038364347840226
1284 0.0384920102537965
1285 0.0381413953204248
1286 0.0378751719341394
1287 0.0378989401473275
1288 0.038469488278766
1289 0.0384840113548503
1290 0.0378160474639536
1291 0.0379772586069249
1292 0.0384248271048202
1293 0.0389927313233191
1294 0.0374997379830262
1295 0.0383638018703013
1296 0.0387932776837137
1297 0.0375204431392397
1298 0.0382103515381129
1299 0.0384394173823443
1300 0.0390604609698363
1301 0.0380952749816331
1302 0.038090483172944
1303 0.0380050030369801
1304 0.0374307091881722
1305 0.0377076739496455
1306 0.0380983630883384
1307 0.0374650688823669
1308 0.039081040163528
1309 0.0378432083629381
1310 0.0371627690980721
1311 0.0381194001462044
1312 0.0379172064938419
1313 0.0381855115119675
1314 0.0376988600080626
1315 0.0380425536084119
1316 0.0382786507982798
1317 0.0376582078136932
1318 0.0373215608605883
1319 0.0376319196112557
1320 0.0376656308163517
1321 0.0373387304220052
1322 0.0386121246198347
1323 0.03825055991215
1324 0.0372276907148163
1325 0.0391277729667025
1326 0.0375761436763849
1327 0.0376261211992343
1328 0.0372665877121857
1329 0.0376834304460095
1330 0.0384730890337686
1331 0.0372403639383735
1332 0.0371244062694282
1333 0.0375684510582117
1334 0.0376712333793528
1335 0.0378406430169565
1336 0.0370892295920195
1337 0.0378581046631928
1338 0.0367353272167643
1339 0.0378298841895898
1340 0.0369045142000854
1341 0.0381313006582612
1342 0.0381374290028097
1343 0.0377399891860858
1344 0.0369137366820903
1345 0.0373494155782595
1346 0.0372326196464084
1347 0.0377670608816724
1348 0.0373730849812536
1349 0.0374251160892017
1350 0.0373472116426485
1351 0.0375885510901432
1352 0.0373228896060729
1353 0.036907811797869
1354 0.0372363123909416
1355 0.0367559127766391
1356 0.0375909536895321
1357 0.0365887970989719
1358 0.0370430371194663
1359 0.0378268771358625
1360 0.0373759966238802
1361 0.0373273094113225
1362 0.0380169596930682
1363 0.0375150301497809
1364 0.0368041711449257
1365 0.0375689870767121
1366 0.0373935688641473
1367 0.0375608352196272
1368 0.0382049019411788
1369 0.0372320519081446
1370 0.0374714140279814
1371 0.0381345217139888
1372 0.0373573419524132
1373 0.036322923260822
1374 0.0370707628067661
1375 0.0376238789281201
1376 0.0367025209044981
1377 0.0373646081057456
1378 0.0377840483063019
1379 0.0364183662553966
1380 0.0373461741283331
1381 0.0368874868254027
1382 0.0368760999151261
1383 0.0376000369858829
1384 0.036900253810138
1385 0.0374672204883618
1386 0.0371895691858366
1387 0.0370613904078395
1388 0.0374592005357654
1389 0.0372542991314097
1390 0.0369488659682303
1391 0.0372720038506017
1392 0.0370118427823945
1393 0.0370294152447133
1394 0.0370984402342873
1395 0.0366418928274472
1396 0.0374992156162895
1397 0.0360198791353376
1398 0.0370177565362226
1399 0.0370177039464287
1400 0.0365269947773113
1401 0.0363682972969916
1402 0.0366418565195847
1403 0.0366740000295876
1404 0.0357765220363114
1405 0.0364092280469845
1406 0.0360950273323268
1407 0.0366455316399875
1408 0.0363585291752708
1409 0.0365045582750804
1410 0.0362894944801161
1411 0.0364272660036893
1412 0.0378126134792262
1413 0.0377503762250408
1414 0.0368074513525226
1415 0.0359955573295821
1416 0.0368162830225075
1417 0.0370908635148512
1418 0.0367761218184739
1419 0.0362981714806752
1420 0.0361462602505311
1421 0.0366682810452168
1422 0.036522129079064
1423 0.0363711668643271
1424 0.0362349980065522
1425 0.0365031667444195
1426 0.036981650877993
1427 0.0365954483672263
1428 0.0357883591848294
1429 0.0359364072905006
1430 0.036414013205277
1431 0.0365350155979568
1432 0.0369968586781955
1433 0.0357239585788351
1434 0.0368546580193398
1435 0.0368218351785385
1436 0.0370632138610513
1437 0.0368963223974667
1438 0.0360767616499413
1439 0.0356230013386461
1440 0.0362860944136119
1441 0.036871200288285
1442 0.0366673310135832
1443 0.0364277453419078
1444 0.0368542457794509
1445 0.0359262057567032
1446 0.0363336751958942
1447 0.0365001682700732
1448 0.0362497024522454
1449 0.0355812601907675
1450 0.0365155504214133
1451 0.0364953117982005
1452 0.0366851733036271
1453 0.0365385699960587
1454 0.0360402131303301
1455 0.0362778762578299
1456 0.0358753084245216
1457 0.0368345263416082
1458 0.0361827734485249
1459 0.0356079702158163
1460 0.0363617836875869
1461 0.0359791341780856
1462 0.0358285962186212
1463 0.0365033526625529
1464 0.0358447423319875
1465 0.0354333763243402
1466 0.035618666567996
1467 0.0360394899522609
1468 0.0364208671593674
1469 0.0368195144881287
1470 0.0358264484579329
1471 0.0356815365863123
1472 0.0360163030116729
1473 0.035702774222284
1474 0.0361806029528434
1475 0.0353680004667924
1476 0.0357431965283659
1477 0.0356226250231577
1478 0.0361712219310925
1479 0.0359613432796773
1480 0.0359549591082945
1481 0.0357073903874006
1482 0.0350764834343391
1483 0.0354792648629037
1484 0.0352516103796842
1485 0.0362386789401657
1486 0.0360148511011889
1487 0.0353762369528217
1488 0.0357907789115489
1489 0.0356415998938456
1490 0.0354889384434261
1491 0.0355930745394853
1492 0.0351766224763762
1493 0.0365342396553856
1494 0.0361380205331878
1495 0.035978560883127
1496 0.0352790962557854
1497 0.0348391927949852
1498 0.0349875013524221
1499 0.0359296440586673
1500 0.0356839579526207
1501 0.0353468149416903
1502 0.0352555948589879
1503 0.0356691262526066
1504 0.035700525912802
1505 0.0351279513747212
1506 0.035124098838134
1507 0.0348867430222785
1508 0.0357618770156706
1509 0.0354917732065659
1510 0.0356827116221587
1511 0.0357256250542844
1512 0.0353279815370677
1513 0.0352749216103237
1514 0.0354056446643699
1515 0.0360011452410311
1516 0.0349390554622621
1517 0.0345456831595556
1518 0.0351246582709702
1519 0.0354330902989088
1520 0.0344188595955244
1521 0.0353334858192811
1522 0.0348194814370923
1523 0.0346706175105991
1524 0.034924818276203
1525 0.0350621841743796
1526 0.0352499122624518
1527 0.0346146181384025
1528 0.0348215613221772
1529 0.0354576168469289
1530 0.0359865968575784
1531 0.0348689274966102
1532 0.0359418550362024
1533 0.0351511114891768
1534 0.0348975733228668
1535 0.0350670023737704
1536 0.035530834690805
1537 0.035078850662802
1538 0.0348161664079784
1539 0.0347957628694203
1540 0.0351457371237387
1541 0.0352256565247445
1542 0.0351275377774071
1543 0.0351704602693573
1544 0.0345259337292387
1545 0.0352877949163996
1546 0.035303021476178
1547 0.0351042594260049
1548 0.0345292836482016
1549 0.0350862243301753
1550 0.0348671018794886
1551 0.034438117587205
1552 0.0351946935633256
1553 0.0342914399785734
1554 0.0351724462487583
1555 0.034922192932889
1556 0.0346330798368727
1557 0.0349666898342527
1558 0.035162256480641
1559 0.0350074174555414
1560 0.0360773827679058
1561 0.0344891889173893
1562 0.0342577906583336
1563 0.0351469797557316
1564 0.0349741952714998
1565 0.0346453126359854
1566 0.0346243426186019
1567 0.0345739704281876
1568 0.0347094659828181
1569 0.0351144557138186
1570 0.0348501592272138
1571 0.0349170278649967
1572 0.0345612313219575
1573 0.0343160935244183
1574 0.0344739093193829
1575 0.0346715330066172
1576 0.0344586454200973
1577 0.0350651643988457
1578 0.034471790822683
1579 0.0341060409469886
1580 0.0345757973266352
1581 0.0347451834307915
1582 0.0349980455144071
1583 0.0345383702762362
1584 0.0345181920261136
1585 0.0350175389062977
1586 0.0342552861422232
1587 0.0341311460745379
1588 0.0343719286517688
1589 0.0344972872954405
1590 0.0348024359636678
1591 0.0353518257948197
1592 0.0345073147968766
1593 0.0348267155213317
1594 0.0347375664348384
1595 0.0348671945382443
1596 0.0342523908575131
1597 0.0341490318633105
1598 0.0338488266930491
1599 0.0347174507647447
1600 0.0346977585034029
1601 0.0346135562380203
1602 0.0340587234963987
1603 0.0343903153236388
1604 0.0344179007732443
1605 0.0341465543542411
1606 0.0344029669913064
1607 0.0339221238715952
1608 0.0341928177314414
1609 0.0344581372237463
1610 0.0340060496904911
1611 0.0342826541955197
1612 0.0352461989464159
1613 0.0349930962464559
1614 0.0344349898823066
1615 0.0340788306034235
1616 0.0337156499308367
1617 0.0343983109376778
1618 0.033688815266241
1619 0.0341103228338898
1620 0.0341089135058931
1621 0.0341098732739887
1622 0.0339877039540772
1623 0.0342782378727328
1624 0.0344848270921709
1625 0.034087334413955
1626 0.0344658587989069
1627 0.034121942354669
1628 0.0334098753819198
1629 0.0339565779113168
1630 0.0335738607202273
1631 0.0341960877479426
1632 0.0337112727255334
1633 0.033266823213248
1634 0.0335534144734062
1635 0.0345016963292822
1636 0.0338313799359302
1637 0.0346113550038136
1638 0.0337044019944515
1639 0.0335895999901308
1640 0.0347560325394663
1641 0.034626276342671
1642 0.0340601950001763
1643 0.0337360850428836
1644 0.0335439632655816
1645 0.0348651624747327
1646 0.0343510471659455
1647 0.0346091276705853
1648 0.034032428563143
1649 0.0335017155304281
1650 0.034530773957745
1651 0.0339877110745386
1652 0.0341761203873787
1653 0.0344423369342156
1654 0.0337599829195101
1655 0.0336263035739276
1656 0.0337389083014998
1657 0.0335037290363527
1658 0.0337926332992583
1659 0.0333439151716653
1660 0.0335094876220471
1661 0.0338370090348257
1662 0.0331692156309381
1663 0.0335666928595216
1664 0.0338011236146325
1665 0.0336650671981265
1666 0.0333800842929493
1667 0.0341123027559009
1668 0.0338825542130058
1669 0.0332282107603698
1670 0.0331513902707701
1671 0.0339510424630001
1672 0.0328034792624816
1673 0.0340392320679337
1674 0.0336471000233627
1675 0.0331668305516353
1676 0.0341653414858367
1677 0.0335760929524483
1678 0.034025393438348
1679 0.0338076560528556
1680 0.0333090533074554
1681 0.0333075295601292
1682 0.0334605863647814
1683 0.0332267638859492
1684 0.0336462766508801
1685 0.033690197977263
1686 0.0335728702622414
1687 0.0334170892851796
1688 0.0332877254953777
1689 0.0333179118567912
1690 0.0337106475402406
1691 0.0330342989871615
1692 0.0337139862808493
1693 0.033072738253626
1694 0.033612060811881
1695 0.0332119596198647
1696 0.0333275285301463
1697 0.0331979365455504
1698 0.0333069811807258
1699 0.0335018917842396
1700 0.0328781717271066
1701 0.0334974362422026
1702 0.0336422257092108
1703 0.03352589048911
1704 0.033751602610064
1705 0.0333274275518681
1706 0.0334743740062274
1707 0.0333658064250907
1708 0.0340475960465508
1709 0.0334804509864748
1710 0.0335546927282264
1711 0.033645190858644
1712 0.0336327580279127
1713 0.0327574924165602
1714 0.0330547977624408
1715 0.0333875787857399
1716 0.0335410231360218
1717 0.032598757013521
1718 0.0329337322821941
1719 0.0328863122465534
1720 0.0331045321653681
1721 0.033655577508949
1722 0.0326846663089351
1723 0.0336324164066452
1724 0.0328768984720371
1725 0.0332616929843896
1726 0.0333467593914923
1727 0.0337354722217887
1728 0.0332992558936052
1729 0.0329729310145958
1730 0.0331964233900176
1731 0.0327645504783471
1732 0.0331917588697937
1733 0.0337976494013564
1734 0.0323429965446176
1735 0.033107363961111
1736 0.0333076462557839
1737 0.0328547238422929
1738 0.0332252937020308
1739 0.0333271523864796
1740 0.0329069796739658
1741 0.03283228076472
1742 0.0332196736767464
1743 0.0324125067778565
1744 0.0331964214211869
1745 0.0324265730366667
1746 0.0327935194875669
1747 0.0331003311208049
1748 0.0330847585176581
1749 0.0328011015752741
1750 0.0331802289669803
1751 0.0332122743380481
1752 0.0334466650671382
1753 0.0333006536729917
1754 0.0324704849564178
1755 0.033412986386349
1756 0.0332284067748518
1757 0.0326103354940359
1758 0.032889956310844
1759 0.033300194978152
1760 0.033217417410434
1761 0.0331710360207496
1762 0.0323165351439926
1763 0.0329527461239009
1764 0.0333528658132588
1765 0.0330443868581036
1766 0.0320486981293867
1767 0.0328713274222229
1768 0.0330556472628299
1769 0.0323686759029675
1770 0.0329862791273993
1771 0.0319131349452416
1772 0.0327287948605251
1773 0.0331724029381337
1774 0.0328234992827646
1775 0.0330328001505826
1776 0.0323969359231666
1777 0.0324293023200969
1778 0.0325185139436881
1779 0.032999251536048
1780 0.033013946578089
1781 0.0327650994137123
1782 0.0328968195299908
1783 0.0321435288992929
1784 0.0325623768604577
1785 0.0328065551388476
1786 0.0325330390528927
1787 0.0326253061963048
1788 0.0324842055290086
1789 0.0333096031874324
1790 0.0331602621236922
1791 0.0328099087265307
1792 0.0328494037248562
1793 0.0328618362647873
1794 0.0322867367210188
1795 0.0330398714187294
1796 0.0324376420221366
1797 0.0324270638950127
1798 0.0324351057751415
1799 0.0324374747374312
1800 0.0326170302120904
1801 0.0323747633239305
1802 0.0319143331453061
1803 0.0323414236258573
1804 0.0328231077711571
1805 0.0322368297098197
1806 0.0324502663011525
1807 0.0325117450582713
1808 0.0319291509544745
1809 0.0320228345718717
1810 0.0326248168021213
1811 0.0320578840452312
1812 0.0322227955007595
1813 0.0323024109475471
1814 0.03182800334983
1815 0.032841007749692
1816 0.0322155592704356
1817 0.0325546989801945
1818 0.0317554961382335
1819 0.0327328497633479
1820 0.0323731729849335
1821 0.0327292297768561
1822 0.0323540101111454
1823 0.03196778830011
1824 0.0323798515080395
1825 0.0321905550233095
1826 0.0320761743693245
1827 0.031821138185289
1828 0.0320309138498511
1829 0.0321467580295882
1830 0.0317466437948134
1831 0.0324922873050659
1832 0.0322517878793186
1833 0.0319378652315609
1834 0.0322742221285609
1835 0.0323179458550548
1836 0.0321003918011643
1837 0.0321836087347872
1838 0.031639574875271
1839 0.0323765649962762
1840 0.0320967951882896
1841 0.0320451790047229
1842 0.0316940929522995
1843 0.0323608145403564
1844 0.0325604154716369
1845 0.0318744576891677
1846 0.0320817963028807
1847 0.0321605832167712
1848 0.0323213616537498
1849 0.0318588568385739
1850 0.0313476689261882
1851 0.0320045141574468
1852 0.0321455900391406
1853 0.0316218990750846
1854 0.0323971071489541
1855 0.0315680351086486
1856 0.0320572842462103
1857 0.0320658283711777
1858 0.0322820987498433
1859 0.0322410580922601
1860 0.0321425359842378
1861 0.0320436357316109
1862 0.0318682931570421
1863 0.0320374654009628
1864 0.0322910169313177
1865 0.0317807170073632
1866 0.0322925772523199
1867 0.0319417781341986
1868 0.031931843593184
1869 0.0320027669984856
1870 0.0311237302326691
1871 0.0319592617700506
1872 0.0324606156278187
1873 0.0316258601594628
1874 0.0317191859915156
1875 0.0318962627821347
1876 0.0318073620427639
1877 0.0318689655450351
1878 0.0322831701253518
1879 0.0318081083813753
1880 0.031831112405905
1881 0.031806042628374
1882 0.0318109127421009
1883 0.0317743154437074
1884 0.0322023046065995
1885 0.0313144792998223
1886 0.0315458807031224
1887 0.0313916218250926
1888 0.0315002434878958
1889 0.0312039160024907
1890 0.0311939026459458
1891 0.0318590155083667
1892 0.0318528996437375
1893 0.0317533861770109
1894 0.0309878898407716
1895 0.0314791099845919
1896 0.0320971762667048
1897 0.0312744049058964
1898 0.0319879856218195
1899 0.0317622474338065
1900 0.0319957888942631
1901 0.0314410977175465
1902 0.0314984753927215
1903 0.0316709231525321
1904 0.031285302144331
1905 0.0324066703423731
1906 0.0311052274339232
1907 0.0312637986851633
1908 0.0316472197276622
1909 0.0312667999031308
1910 0.0320184055713711
1911 0.0315935151343451
1912 0.0315333344218526
1913 0.0310007882652889
1914 0.0317568912534913
1915 0.0317187482223294
1916 0.031152898672661
1917 0.0319655847212359
1918 0.031202092258278
1919 0.0310343874985285
1920 0.0315000644475406
1921 0.0316479885698276
1922 0.0317468414811549
1923 0.0312690331452597
1924 0.0308886394901537
1925 0.0317613470535118
1926 0.0315055782621061
1927 0.0309809044045507
1928 0.0312413868421507
1929 0.0314815870750487
1930 0.0307148109921417
1931 0.031287358335465
1932 0.0315150788078909
1933 0.0311042917190015
1934 0.031379232963423
1935 0.0309778387298073
1936 0.0312723111513777
1937 0.0318253948476386
1938 0.0312375267308728
1939 0.0312560110959905
1940 0.0310402501519743
1941 0.0314529876565772
1942 0.0310826577274529
1943 0.0310458521722824
1944 0.0314839153337715
1945 0.031301053464976
1946 0.0317142987391605
1947 0.0310103672633601
1948 0.0310207514462949
1949 0.0309618453830689
1950 0.0311328771328
1951 0.031088768893101
1952 0.0312363260019562
1953 0.0314546821271838
1954 0.0311670614038278
1955 0.0310661650526334
1956 0.0307776675152509
1957 0.031346594393994
1958 0.030926540691973
1959 0.0308691660700905
1960 0.0317501136730223
1961 0.0309186237323426
1962 0.0313886732320654
1963 0.0310069799407082
1964 0.0305803093705274
1965 0.0313091612607866
1966 0.0307104077568905
1967 0.031355690652275
1968 0.0304701361644939
1969 0.0305792688339033
1970 0.0312142241692978
1971 0.0311747375410659
1972 0.031432419047494
1973 0.0306336586275351
1974 0.0312615211020147
1975 0.0311532701811127
1976 0.0308417889480203
1977 0.0308793819289002
1978 0.031060327715751
1979 0.0307616546889155
1980 0.0310276054048899
1981 0.0311396578924179
1982 0.030775107071279
1983 0.0306314930889177
1984 0.0302088522462074
1985 0.0306202755961464
1986 0.0304828990021233
1987 0.0312518925562444
1988 0.0306385505563392
1989 0.0314146452743984
1990 0.0306955640271775
1991 0.0311372655812554
1992 0.0307347012125497
1993 0.0305140218264544
1994 0.0310222247927784
1995 0.0304448680693926
1996 0.030522182427716
1997 0.0304726366216591
1998 0.0309808988671357
1999 0.0311107076238553
2000 0.0308780188165135
2001 0.0303680469823692
2002 0.031196444587261
2003 0.0309000450827302
2004 0.0314880907693316
2005 0.0305691975670136
2006 0.0301947162256409
2007 0.030877461104609
2008 0.0306733261079549
2009 0.0308008081287407
2010 0.0307657114111697
2011 0.0311399259037817
2012 0.0308807692499801
2013 0.0304460125898037
2014 0.0307205093742819
2015 0.0302152311773861
2016 0.0306391387260573
2017 0.0305168510675408
2018 0.0306481691198884
2019 0.0307698642498184
2020 0.0304210575506062
2021 0.0301991705865852
2022 0.0306662588312921
2023 0.0308202142808481
2024 0.030906316734827
2025 0.0312297917111485
2026 0.0306308989150035
2027 0.0304033250651809
2028 0.0306454674214372
2029 0.0307915250521323
2030 0.0305008614747013
2031 0.0301752679460249
2032 0.0309562670589433
2033 0.0306389772013495
2034 0.0306078789656175
2035 0.03075499288076
2036 0.0300642169168251
2037 0.0305311965967087
2038 0.0304104093383711
2039 0.030862652474483
2040 0.0306552152612974
2041 0.0302816047673482
2042 0.0302171844227992
2043 0.0306531644196028
2044 0.0303429649614233
2045 0.0306020017120231
2046 0.0308250064188979
2047 0.0302101650317916
2048 0.0303824161166489
2049 0.0299888921202767
2050 0.0300436504332492
2051 0.0301043097031209
2052 0.030761311953793
2053 0.0303519159396199
2054 0.0307606201378915
2055 0.0304304388123848
2056 0.0304451890101869
2057 0.0302734962097333
2058 0.0305168228101113
2059 0.0305188564421632
2060 0.030066522175727
2061 0.0302100830502299
2062 0.0299868439115526
2063 0.0303234747536229
2064 0.0303546973506941
2065 0.0305485626042156
2066 0.0301806930844136
2067 0.0304264329591459
2068 0.0297245007788296
2069 0.0300409924588641
2070 0.0302046520330838
2071 0.0299722792295995
2072 0.0301165859552061
2073 0.0302346360424045
2074 0.0303546726526524
2075 0.0302045608655525
2076 0.0300721132082748
2077 0.0299804297114702
2078 0.0304030813980065
2079 0.0303317810632906
2080 0.0299929971451558
2081 0.0296836136705272
2082 0.0301580245702376
2083 0.0301165183002714
2084 0.0303192504492816
2085 0.0303546494266852
2086 0.0298246161666291
2087 0.0300048029711343
2088 0.0304453688305156
2089 0.0302867119787154
2090 0.0300024770377635
2091 0.0298368625661508
2092 0.0300172930363595
2093 0.0303453997709066
2094 0.0302373198940306
2095 0.0300183148579085
2096 0.0302181430052018
2097 0.0308230336578366
2098 0.0299786380065737
2099 0.0295043794274033
2100 0.0297096963155107
2101 0.0298186393754969
2102 0.0302672506206267
2103 0.0302292788742286
2104 0.0297997370943094
2105 0.030093149670749
2106 0.0298260253637519
2107 0.0298787859931228
2108 0.0299808037257837
2109 0.0298608965878139
2110 0.030226145566384
2111 0.0304853337801963
2112 0.030199064383736
2113 0.0301188907830079
2114 0.0292585758263861
2115 0.029980028805846
2116 0.0298477433247824
2117 0.0304800738117817
2118 0.0299286758451855
2119 0.0296837652540181
2120 0.0297686973939036
2121 0.0299694128803285
2122 0.0295216810334139
2123 0.0295258261948532
2124 0.029861868259651
2125 0.0300651264613796
2126 0.0303425897019079
2127 0.0293158119219939
2128 0.0300474538090055
2129 0.0296151221203995
2130 0.0299624378247106
2131 0.0295834547791195
2132 0.030126366170664
2133 0.0298961143196564
2134 0.0305830921815339
2135 0.0299221675845649
2136 0.0293932089587908
2137 0.0299719750884319
2138 0.0299852729525127
2139 0.0297970508244664
2140 0.0301905524325643
2141 0.0297431064530825
2142 0.0301750477729913
2143 0.0303203951844458
2144 0.0299350342697982
2145 0.0294247884689699
2146 0.0298709135752239
2147 0.0300956421100766
2148 0.0296643116110143
2149 0.0298843452767384
2150 0.0300183057221491
2151 0.0294499571726434
2152 0.0300502699797712
2153 0.0297380327022149
2154 0.0301157004762869
2155 0.0298161910447918
2156 0.0296042302379631
2157 0.029984919292419
2158 0.0294323624806774
2159 0.0294524869153413
2160 0.0288491268528074
2161 0.0296379470693221
2162 0.0300933216571587
2163 0.0297967028257724
2164 0.0296997126697211
2165 0.0295878062719694
2166 0.0297835466892438
2167 0.0296860862348967
2168 0.0299228654112663
2169 0.0292835954783462
2170 0.0297281326577361
2171 0.0301502239489612
2172 0.0294607344785302
2173 0.029835382425951
2174 0.0291725083159443
2175 0.0291531477589056
2176 0.0296005417145216
2177 0.0296687409103153
2178 0.029319374043917
2179 0.0294482786156109
2180 0.0295510524885638
2181 0.0297173903487476
2182 0.0298654410883109
2183 0.0293437113589516
2184 0.0298118324389617
2185 0.029554966657544
2186 0.0298866749635091
2187 0.0296023392196807
2188 0.0292371661616622
2189 0.0296825427546701
2190 0.0291040943413459
2191 0.0299494247360269
2192 0.0292369458691605
2193 0.0294520887221474
2194 0.0295590713565187
2195 0.0292591587190831
2196 0.0295271769239887
2197 0.0295032903136752
2198 0.0295784164267504
2199 0.0291120585904717
2200 0.0292939306099693
2201 0.0296150577516936
2202 0.0291222932138004
2203 0.0291744395922467
2204 0.0298272657300499
2205 0.0291549195361922
2206 0.0292629573379841
2207 0.0293011829717086
2208 0.0292719361408159
2209 0.0291051652875769
2210 0.0292260696071981
2211 0.0292832186036731
2212 0.0292337664433801
2213 0.029420015016808
2214 0.0294324889737004
2215 0.0291186595040023
2216 0.0292687515836786
2217 0.0290946683652309
2218 0.0292689133019944
2219 0.0293011270335177
2220 0.0296693787474486
2221 0.0290970754809933
2222 0.0293839025540519
2223 0.0294200665822056
2224 0.0289725099108724
2225 0.029138510864328
2226 0.0290280001636571
2227 0.0292385214691276
2228 0.0288468578985481
2229 0.0293447910357232
2230 0.0290699433517746
2231 0.0289586157500345
2232 0.0289218597632306
2233 0.0284538783215023
2234 0.0289248947985131
2235 0.0291948155511743
2236 0.0290409719038765
2237 0.029029930363988
2238 0.0287639065242274
2239 0.0289979795798123
2240 0.0290270744602754
2241 0.0292554532015236
2242 0.0289934689802765
2243 0.0292555352449892
2244 0.0288884795902829
2245 0.0293203873837837
2246 0.0289090457387858
2247 0.0288953447495169
2248 0.0290194061104102
2249 0.0291658636826693
2250 0.028974728254033
2251 0.0290906223355358
2252 0.0290812563985413
2253 0.0293112371158445
2254 0.029297427190196
2255 0.0292083379678365
2256 0.0291827229136181
2257 0.0291158534152976
2258 0.0286454489174758
2259 0.0293187996495595
2260 0.0290723252627321
2261 0.0282850135633725
2262 0.0286155362825884
2263 0.0289635828035319
2264 0.0290448677300889
2265 0.0291973487376626
2266 0.0287551559031887
2267 0.0291202031111146
2268 0.028585721891471
2269 0.0287499468405823
2270 0.0290656123023048
2271 0.0287760913182262
2272 0.0282403593707007
2273 0.02878039690229
2274 0.0285812462469539
2275 0.0287474062680403
2276 0.028892033873597
2277 0.0286315815050828
2278 0.0286553701608552
2279 0.0287205594525544
2280 0.0289938607733475
2281 0.0291724931781778
2282 0.0285243218691649
2283 0.028599697480035
2284 0.028551138152467
2285 0.0290883036842784
2286 0.0287038635717893
2287 0.0293699412983805
2288 0.0287410555546058
2289 0.0286495252015981
2290 0.0284089283200606
2291 0.0285257241061582
2292 0.0290853614730821
2293 0.0288670330897113
2294 0.0293820295850649
2295 0.028277909720178
2296 0.0290867928543574
2297 0.028861861498232
2298 0.0290068569619022
2299 0.028605206324052
2300 0.0285840591992677
2301 0.0286428302144253
2302 0.0287264420519152
2303 0.028500326617911
2304 0.0287831752099025
2305 0.0284341774879578
2306 0.0284530254385881
2307 0.0285663406684911
2308 0.0283752195490746
2309 0.0291525909360141
2310 0.0288137237322737
2311 0.0286183306694543
2312 0.0282529300834565
2313 0.0285987013439248
2314 0.0282620477934625
2315 0.0288986788722081
2316 0.0284759149511007
2317 0.0289356674259605
2318 0.0289139137333727
2319 0.0286611799980396
2320 0.0288680359076825
2321 0.0284225242661665
2322 0.0286647432567642
2323 0.0289047200758401
2324 0.0286592934855124
2325 0.028496535268138
2326 0.0285818223558775
2327 0.0287131433195852
2328 0.0282297121305917
2329 0.0284746079704047
2330 0.0282243515384188
2331 0.0284939103376331
2332 0.0282572748262697
2333 0.0286533449076211
2334 0.0285007510748012
2335 0.0288510905263134
2336 0.0284536463141643
2337 0.0288376383547043
2338 0.0282520786138523
2339 0.028406795293919
2340 0.0285534714405198
2341 0.0284657652523781
2342 0.0278842416459526
2343 0.0283477067149568
2344 0.0287814553232398
2345 0.0285431236315108
2346 0.0285289906627885
2347 0.0286382291978902
2348 0.0282074302761608
2349 0.0285065004891141
2350 0.028786754521662
2351 0.0284441348796415
2352 0.0283548599468658
2353 0.0285149942188775
2354 0.0282993881601042
2355 0.0281389535985588
2356 0.0281615540246345
2357 0.0280541794659272
2358 0.0284608370087803
2359 0.0286843604509013
2360 0.0282948166751878
2361 0.0281161100619195
2362 0.0281857226678712
2363 0.0284525646975683
2364 0.0283545978559337
2365 0.0283814787685621
2366 0.0282694221045186
2367 0.0280190379766071
2368 0.0279803561492954
2369 0.0283133695421804
2370 0.0282436122743007
2371 0.0287627791294565
2372 0.0282364282810945
2373 0.028401655443727
2374 0.028248033439077
2375 0.0277731951462006
2376 0.0284327438799397
2377 0.0288147748568363
2378 0.0281020449481121
2379 0.0278911547568597
2380 0.0280913370231586
2381 0.0279968438335808
2382 0.0280022160053853
2383 0.028370496422516
2384 0.0279108707686305
2385 0.0285269481867625
2386 0.0281105401190745
2387 0.0280862837534994
2388 0.0284183997779891
2389 0.0277545669221595
2390 0.0279993004484518
2391 0.0284219498823381
2392 0.0286251304829874
2393 0.0283315123685216
2394 0.0282857926708167
2395 0.0281164200327104
2396 0.0282650963402188
2397 0.0283331188669219
2398 0.0281980089380509
2399 0.0281626570167793
2400 0.0279656343850634
2401 0.0280352588573577
2402 0.0279127808010705
2403 0.0282921174325457
2404 0.0281701271197085
2405 0.0277430616096318
2406 0.0276558783003317
2407 0.0278357535447397
2408 0.0279797840028545
2409 0.0279258198413744
2410 0.0282678843351467
2411 0.0278127332843402
2412 0.0279620943480881
2413 0.028017185097909
2414 0.0279618167351628
2415 0.0278000878043388
2416 0.0277106375637387
2417 0.0279257181897264
2418 0.0280707420265939
2419 0.0282183599845207
2420 0.0284963164688611
2421 0.0277610598225119
2422 0.0276920388024395
2423 0.0277984752849807
2424 0.0280912264147488
2425 0.0277632671059604
2426 0.0280507214912445
2427 0.0281306043723255
2428 0.0281263228032255
2429 0.0280401064679581
2430 0.0279637859726274
2431 0.028009290828407
2432 0.0277038012966879
2433 0.0277195607170002
2434 0.0277262514207333
2435 0.0275834995495404
2436 0.0279579762515574
2437 0.028088138841208
2438 0.027984434238562
2439 0.0282810809474028
2440 0.0278792201663076
2441 0.0276493658330693
2442 0.0278643943341688
2443 0.0278800102047863
2444 0.0281502249192417
2445 0.0276509185970668
2446 0.0277989939132442
2447 0.0278029097758094
2448 0.0276552041518813
2449 0.027826779912874
2450 0.0278662864374458
2451 0.0276125658326433
2452 0.0277539103346324
2453 0.0272505632183425
2454 0.0276629929085151
2455 0.0282150926733955
2456 0.0277865310720931
2457 0.0279846058095238
2458 0.0277881864829127
2459 0.0279720191825972
2460 0.027691204096082
2461 0.0281698259296945
2462 0.0275659303922022
2463 0.0275563179459146
2464 0.028066067747272
2465 0.0279184483018592
2466 0.0282563841149021
2467 0.0273437536227009
2468 0.0276963486212667
2469 0.0278110119299712
2470 0.0280188553604412
2471 0.0277947658075462
2472 0.0279386535240803
2473 0.0277760074243816
2474 0.0277484890063263
2475 0.0275457784304021
2476 0.0273615111083044
2477 0.0276154005020474
2478 0.0273772738375425
2479 0.0274763737115383
2480 0.0281465367066417
2481 0.0279478328930055
2482 0.0273569444337082
2483 0.0273080048395143
2484 0.0275093166101794
2485 0.0274902025129905
2486 0.0276592156409264
2487 0.0281354573282105
2488 0.027188363486906
2489 0.0275903719271403
2490 0.0277325372853314
2491 0.0277124683936268
2492 0.0276356433724205
2493 0.0275370292101373
2494 0.0274138118456279
2495 0.028177172426796
2496 0.0277749900919371
2497 0.0275333093443378
2498 0.027380931695814
2499 0.0275272253282803
2500 0.0277427146836808
2501 0.0275993366716195
2502 0.0275075793925348
2503 0.0275991100055216
2504 0.0278347721500606
2505 0.027512250773447
2506 0.0275818351884905
2507 0.0276376005150243
2508 0.0274630960167125
2509 0.0273975559827453
2510 0.0277305322122928
2511 0.0273815864058774
2512 0.0273251623406319
2513 0.0272823404930513
2514 0.0271574772986507
2515 0.0273330236669425
2516 0.0271948518474118
2517 0.0273294846267032
2518 0.0275768471425249
2519 0.0273613848738189
2520 0.0274450532295152
2521 0.0273922247908939
2522 0.0275933587958097
2523 0.02743252487797
2524 0.0276662937538014
2525 0.0275600753229918
2526 0.0276937335189787
2527 0.0273911608981204
2528 0.0279970187352009
2529 0.0272187196947298
2530 0.0272583504502855
2531 0.0277538163741412
2532 0.0268049292649694
2533 0.0270864281457874
2534 0.027368149809667
2535 0.0272534128516117
2536 0.0275861953531315
2537 0.0270643780587439
2538 0.0273412254938114
2539 0.0272154454662856
2540 0.027357777226015
2541 0.0275609760838053
2542 0.0271825365181589
2543 0.0272810879908072
2544 0.0271227987613815
2545 0.0271427115738079
2546 0.027481961159662
2547 0.0277660923818652
2548 0.0272019226242523
2549 0.0273123413717544
2550 0.0271909700386406
2551 0.027339024033951
2552 0.0272029964000247
2553 0.0269792346935778
2554 0.0275422398022743
2555 0.0274307229443117
2556 0.0272073982795682
2557 0.0272187731847942
2558 0.0273310109869648
2559 0.0274744212816782
2560 0.0270290748634914
2561 0.0271482107690607
2562 0.027165569230632
2563 0.027389810338298
2564 0.0271065353089696
2565 0.0269318488506968
2566 0.0266464107427681
2567 0.0273291454639504
2568 0.0271021069166024
2569 0.0269475819146191
2570 0.0273449967014154
2571 0.0271471469834922
2572 0.0269847213326883
2573 0.0267717707485241
2574 0.0273139572224038
2575 0.0271181377619677
2576 0.0269784564909298
2577 0.0271648105896224
2578 0.0271687114338601
2579 0.0274950533473148
2580 0.0270461133713877
2581 0.0270216840938366
2582 0.0270505280767292
2583 0.0271601656651704
2584 0.0271134667274117
2585 0.0269189454388684
2586 0.026820608595724
2587 0.0273470380908043
2588 0.0271253626118152
2589 0.0271070945579198
2590 0.0268233014488173
2591 0.0271526745289824
2592 0.0269813762730594
2593 0.0269867344736987
2594 0.0268312169671505
2595 0.0266016922131452
2596 0.0271458983902101
2597 0.0274836549029072
2598 0.0270739919637137
2599 0.0270276521398864
2600 0.0272311156886739
2601 0.0268847372638303
2602 0.0269118927732636
2603 0.0273559961589395
2604 0.0269467259467801
2605 0.0267886083975879
2606 0.0271418389310119
2607 0.0268928677122942
2608 0.0269550013287147
2609 0.027239143055457
2610 0.0269749404071156
2611 0.0268356477804186
2612 0.0267282478209607
2613 0.0269883072201634
2614 0.0269857025075405
2615 0.0269616598061441
2616 0.0271480301067358
2617 0.027028872042361
2618 0.0268634245783685
2619 0.0267562142053889
2620 0.0272189251596425
2621 0.0266389712605559
2622 0.0271579662354574
2623 0.0268787405549408
2624 0.0265504262319205
2625 0.0267239365813548
2626 0.0265468036823695
2627 0.0270422241990746
2628 0.0267329653873211
2629 0.0270322257134505
2630 0.026677492849996
2631 0.0268227665939151
2632 0.0268901358855871
2633 0.0266655713893737
2634 0.0269746201325451
2635 0.0268302071314557
2636 0.0270526509068863
2637 0.0269379484153059
2638 0.0271887552416093
2639 0.0267564797989035
2640 0.026772670009726
2641 0.0268166676470445
2642 0.0266568442327495
2643 0.0264892056261932
2644 0.0264969031891453
2645 0.0264999319863498
2646 0.0263116694846549
2647 0.0269845581838957
2648 0.0268731315737391
2649 0.0267758873133508
2650 0.0266157653656311
2651 0.0265143857035555
2652 0.027035361486504
2653 0.0270439062685945
2654 0.0265013606207591
2655 0.0266125492437583
2656 0.0265152450127485
2657 0.0263934247523731
2658 0.0266413692276814
2659 0.0266316203510827
2660 0.0266067535824261
2661 0.0269017913262596
2662 0.026470659430094
2663 0.0270374161841547
2664 0.0266858193509634
2665 0.0264913862766198
2666 0.0262337332207953
2667 0.0266905614122713
2668 0.0266002833154272
2669 0.0268435332675983
2670 0.0268123802348451
2671 0.026566892266053
2672 0.0263517374499111
2673 0.0267130391586654
2674 0.0267698363205194
2675 0.0265487787196351
2676 0.0266140714224835
2677 0.0267541528210981
2678 0.026658922617817
2679 0.0265626988121696
2680 0.0264992163665568
2681 0.0262551951940796
2682 0.0266903516399116
2683 0.0265264994229619
2684 0.0262106341680132
2685 0.0264296678962757
2686 0.0265735174687475
2687 0.0265555611667711
2688 0.0268770683746142
2689 0.0263220844431961
2690 0.0265241008453391
2691 0.0266923221297844
2692 0.0261524746900837
2693 0.0262980761048324
2694 0.0266503203969869
2695 0.0266970486335877
2696 0.0264747545723418
2697 0.0264355173095039
2698 0.0266236804792352
2699 0.0265578081611426
2700 0.0264571294686948
2701 0.0263020007374082
2702 0.0263264781397282
2703 0.0269451947265462
2704 0.02603399237987
2705 0.0259618362372959
2706 0.0267399103324916
2707 0.0262658799930994
2708 0.0263473246364463
2709 0.026920095148637
2710 0.0261658550057452
2711 0.0268458933219434
2712 0.0264438958907136
2713 0.0262872932205263
2714 0.0267925569426618
2715 0.0262463743475335
2716 0.0262942957736585
2717 0.0263203713021876
2718 0.0262910678085414
2719 0.0264891038934899
2720 0.0263025155766462
2721 0.026516708387871
2722 0.0263206568532403
2723 0.026195659040577
2724 0.0264509569179845
2725 0.0263724585974058
2726 0.0264618523279012
2727 0.0261597131352778
2728 0.0264758864086915
2729 0.0265919967439094
2730 0.026212034009413
2731 0.0261847998319734
2732 0.0265884286567946
2733 0.0260751155663357
2734 0.0261976631195939
2735 0.0259860266540673
2736 0.0261831591201658
2737 0.0265818488436962
2738 0.0257653192942522
2739 0.026770756430398
2740 0.0263553566679858
2741 0.0264379110912583
2742 0.0261679699601849
2743 0.0262489306706427
2744 0.0264544739901736
2745 0.0259027500427154
2746 0.0262767176455399
2747 0.0264899375586226
2748 0.0261006624592503
2749 0.0263741696084036
2750 0.0265121209180533
2751 0.0260245242982298
2752 0.0268174770881133
2753 0.026163364136722
2754 0.0261035783237475
2755 0.026227367106569
2756 0.0263176994397745
2757 0.0260981830344247
2758 0.0262393748518373
2759 0.0263706223721554
2760 0.0261232017288929
2761 0.0262097020142994
2762 0.0266605568235055
2763 0.0266158990344552
2764 0.0264496700606995
2765 0.0260874185100815
2766 0.0259419398343958
2767 0.0260837635381435
2768 0.0261247670412064
2769 0.0262115092367042
2770 0.02620068503305
2771 0.0265557173452256
2772 0.0261004289335497
2773 0.0263060849570483
2774 0.0261239478037604
2775 0.0260581544790253
2776 0.0261313112922349
2777 0.0266024131196041
2778 0.0260730164225598
2779 0.0262733699863955
2780 0.0258650056291972
2781 0.0258595035565944
2782 0.0262042214162037
2783 0.0261435705959146
2784 0.0260474461050065
2785 0.0259824273238122
2786 0.0260647726725629
2787 0.0261401523568727
2788 0.026180471084956
2789 0.0258755288507637
2790 0.0262042639761282
2791 0.0263269828080518
2792 0.0263811836649695
2793 0.0258012746190859
2794 0.0260979780809169
2795 0.0258989174444658
2796 0.0260895369450182
2797 0.0259302850328863
2798 0.0260263586898094
2799 0.0259869064908948
2800 0.026338259204019
2801 0.0259877171674723
2802 0.0258510640760038
2803 0.0258631795939705
2804 0.0258071270412481
2805 0.0261924087482921
2806 0.0260641269154774
2807 0.0262435478602538
2808 0.0258379952307698
2809 0.0261661829171727
2810 0.0257175806114787
2811 0.0260455307892476
2812 0.0258717161323667
2813 0.0260307788768832
2814 0.0257373676124703
2815 0.0259181664801759
2816 0.0256592953457407
2817 0.0258862347707718
2818 0.0258446082006359
2819 0.0258148819805865
2820 0.0258848528224616
2821 0.0257179633274354
2822 0.025800109488925
2823 0.0259973773140874
2824 0.025704878401684
2825 0.0259124581459561
2826 0.0256915747487488
2827 0.0259019795198364
2828 0.0262122969239198
2829 0.0260768391523167
2830 0.0263459225592236
2831 0.0259233089545077
2832 0.0256950616124289
2833 0.0258922769122888
2834 0.0259598220373313
2835 0.0256004877788528
2836 0.0258391430410833
2837 0.025828922800198
2838 0.0260338763154156
2839 0.0260037777099682
2840 0.0258917976495673
2841 0.0258374577569895
2842 0.0256614314089499
2843 0.0256398231776549
2844 0.0259757628489371
2845 0.0258671986686006
2846 0.025915599928366
2847 0.0255240064873561
2848 0.0260756907964091
2849 0.0257975305716959
2850 0.0256905421319287
2851 0.025632363405924
2852 0.0261051469557962
2853 0.0254794531282875
2854 0.0257620354482849
2855 0.0258655936368907
2856 0.0256144754039153
2857 0.025836372834312
2858 0.025628581357885
2859 0.0256326002286658
2860 0.0257453592283988
2861 0.0254044857134499
2862 0.0257130150983029
2863 0.0255177161876231
2864 0.0259948071190992
2865 0.0256982123488588
2866 0.0257234280722312
2867 0.0256173449510854
2868 0.0254284931547423
2869 0.0257468321814955
2870 0.0257474259652532
2871 0.0259444127093026
2872 0.0257546804821176
2873 0.0255225503679489
2874 0.0254424914236976
2875 0.0256573568373311
2876 0.0254108247966722
2877 0.0257922228242326
2878 0.0255531901410351
2879 0.0255036192722648
2880 0.0255599577750079
2881 0.0254120934866446
2882 0.0255911055247324
2883 0.0253554554979108
2884 0.0255317124122774
2885 0.0258054761050882
2886 0.0253912225942064
2887 0.0254007078954928
2888 0.0255187176609336
2889 0.0256010648446631
2890 0.0256179215073659
2891 0.0254560074053107
2892 0.0257395092976558
2893 0.0253293220478293
2894 0.02548754194864
2895 0.0253720886751879
2896 0.0256482905424436
2897 0.0256246185829357
2898 0.0259467983833941
2899 0.0255315103697221
2900 0.0252165034825577
2901 0.0255051952433402
2902 0.025782185823197
2903 0.0255950815282243
2904 0.0256794653787508
2905 0.0254760409914138
2906 0.0257462575912984
2907 0.02525061923423
2908 0.025999178922925
2909 0.0254770876802235
2910 0.0251484095278541
2911 0.0258437653526904
2912 0.0255192929657808
2913 0.0258583976917183
2914 0.0255976351260042
2915 0.0256031689549316
2916 0.0252514352927399
2917 0.0256475088751236
2918 0.0255003214971176
2919 0.0252545368037329
2920 0.0256736952904893
2921 0.0255704137994278
2922 0.0257244337156014
2923 0.0257467871447504
2924 0.0255781246368688
2925 0.0257228584988758
2926 0.0257892498616652
2927 0.02557071230323
2928 0.0254825878066926
2929 0.0256281052470631
2930 0.0253920230944329
2931 0.0252252524713927
2932 0.0256102075481617
2933 0.0252651422588989
2934 0.0257374679216568
2935 0.0255768504506209
2936 0.0254974654677352
2937 0.0252600948727912
2938 0.0255666853562846
2939 0.0255330465186404
2940 0.0254084875394696
2941 0.0253497072743679
2942 0.0254412723553031
2943 0.0253556875679121
2944 0.0254468868971365
2945 0.0255082538984514
2946 0.02508099315086
2947 0.0255900696708565
2948 0.0251077261437744
2949 0.025295818623133
2950 0.0253495814572896
2951 0.0253024383565628
2952 0.0253073721913108
2953 0.0250643670184731
2954 0.0253173210980729
2955 0.0254633916123773
2956 0.0253363158992558
2957 0.0255826240343684
2958 0.0253842023649532
2959 0.0252603646625703
2960 0.0253749975425923
2961 0.0256390106291472
2962 0.0251912791148044
2963 0.0252017324934255
2964 0.0249749255674278
2965 0.0252556147228056
2966 0.0253514660588543
2967 0.0253370909720564
2968 0.0251238298148845
2969 0.0252213652781435
2970 0.0253565930216024
2971 0.0250095086347834
2972 0.0251756289801347
2973 0.0255739619058857
2974 0.0255612457984303
2975 0.0252506242600157
2976 0.0255878410446138
2977 0.0249129196285789
2978 0.0253647168771879
2979 0.0250018901113708
2980 0.0253131209563745
2981 0.0254585332782333
2982 0.0251486152834416
2983 0.0255693678151014
2984 0.0253721285059134
2985 0.0252658132163669
2986 0.0250856979282195
2987 0.0250100500219477
2988 0.0250932224073463
2989 0.0252014866180549
2990 0.02524452029748
2991 0.0248913558228328
2992 0.0255028549251069
2993 0.0255161741497317
2994 0.0247917421245523
2995 0.0251124012046278
2996 0.0250795687307006
2997 0.0252835105361055
2998 0.0252503671717576
2999 0.0250271007866515
3000 0.0251588401162305
