0.169638701793569 0.232656264785983
0.170638701793569 0.36438977936674
0.171638701793569 0.508971201100427
0.172638701793569 0.654262228746113
0.173638701793569 0.788124561062872
0.174638701793569 0.898419896809773
0.175638701793569 0.973009934745888
0.176638701793569 1.0021430399472
0.177638701793569 0.991093083822566
0.178638701793569 0.950936094853798
0.179638701793569 0.892759208047639
0.180638701793569 0.827649558410833
0.181638701793569 0.766694280950124
0.182638701793569 0.720980510672254
0.183638701793569 0.701595382583966
0.184638701793569 0.719902842583858
0.185638701793569 0.765947667353077
0.186638701793569 0.790996302578059
0.187638701793569 0.786863811343045
0.188638701793569 0.781193918040838
0.189638701793569 0.774075808817337
0.190638701793569 0.765596409608228
0.191638701793569 0.755842646349194
0.192638701793569 0.744901444975921
0.193638701793569 0.732859731424095
0.194638701793569 0.719804431629399
0.195638701793569 0.705822471527519
0.196638701793569 0.691000777054139
0.197638701793569 0.675426274144945
0.198638701793569 0.659185888735622
0.199638701793569 0.642366546761854
0.200638701793569 0.625055174159326
0.201638701793569 0.607338696863724
0.202638701793569 0.589304040810732
0.203638701793569 0.571038131936035
0.204638701793569 0.552627896175317
0.205638701793569 0.534160259464265
0.206638701793569 0.515722147738563
0.207638701793569 0.497400486933895
0.208638701793569 0.479282202985947
0.209638701793569 0.461454221830404
0.210638701793569 0.44400346940295
0.211638701793569 0.427016871639271
0.212638701793569 0.410581354475051
0.213638701793569 0.394783843845975
0.214638701793569 0.379711265687729
0.215638701793569 0.365450545935996
0.216638701793569 0.352088610526463
0.217638701793569 0.339712385394813
0.218638701793569 0.328408796476733
0.219638701793569 0.318264769707906
0.220638701793569 0.309367231024018
0.221638701793569 0.301803106360754
0.222638701793569 0.295659321653798
0.223638701793569 0.291022802838835
0.224638701793569 0.287980475851551
0.225638701793569 0.28661926662763
0.226638701793569 0.287025984384222
0.227638701793569 0.288424087509104
0.228638701793569 0.290014604961218
0.229638701793569 0.291792341747111
0.230638701793569 0.293752102873327
0.231638701793569 0.295888693346412
0.232638701793569 0.298196918172909
0.233638701793569 0.300671582359365
0.234638701793569 0.303307490912324
0.235638701793569 0.306099448838331
0.236638701793569 0.309042261143931
0.237638701793569 0.312130732835669
0.238638701793569 0.31535966892009
0.239638701793569 0.318723874403739
0.240638701793569 0.322218154293161
0.241638701793569 0.325837313594902
0.242638701793569 0.329576157315505
0.243638701793569 0.333429490461516
0.244638701793569 0.33739211803948
0.245638701793569 0.341458845055943
0.246638701793569 0.345624476517448
0.247638701793569 0.349883817430541
0.248638701793569 0.354231672801767
0.249638701793569 0.35866284763767
0.250638701793569 0.363172146944797
0.251638701793569 0.367754375729691
0.252638701793569 0.372404338998899
0.253638701793569 0.377116841758964
0.254638701793569 0.381886689016432
0.255638701793569 0.386708685777847
0.256638701793569 0.391577637049756
0.257638701793569 0.396488347838702
0.258638701793569 0.401435623151231
0.259638701793569 0.406414267993887
0.260638701793569 0.411419087373217
0.261638701793569 0.416444886295763
0.262638701793569 0.421486469768073
0.263638701793569 0.42653864279669
0.264638701793569 0.43159621038816
0.265638701793569 0.436653977549027
0.266638701793569 0.441706749285837
0.267638701793569 0.446749330605135
0.268638701793569 0.451776526513465
0.269638701793569 0.456964645984169
0.270638701793569 0.463812782818644
0.271638701793569 0.472506163749936
0.272638701793569 0.482859594933417
0.273638701793569 0.49468788252446
0.274638701793569 0.507805832678437
0.275638701793569 0.522028251550722
0.276638701793569 0.537169945296686
0.277638701793569 0.553045720071703
0.278638701793569 0.569470382031146
0.279638701793569 0.586258737330387
0.280638701793569 0.603225592124798
0.281638701793569 0.620185752569753
0.282638701793569 0.636954024820624
0.283638701793569 0.653345215032783
0.284638701793569 0.669174129361605
0.285638701793569 0.68425557396246
0.286638701793569 0.698404354990722
0.287638701793569 0.711435278601764
0.288638701793569 0.723163150950958
0.289638701793569 0.733402778193677
0.290638701793569 0.741968966485294
0.291638701793569 0.748676521981181
0.292638701793569 0.749919243051173
0.293638701793569 0.679216841655831
0.294638701793569 0.543622608266879
0.295638701793569 0.386489468412171
0.296638701793569 0.251170347619562
0.297638701793569 0.181018171416905
0.298638701793569 0.160538209081681
0.299638701793569 0.14171244018418
0.300638701793569 0.124490341345715
0.301638701793569 0.10883689266787
0.302638701793569 0.0947170742522326
0.303638701793569 0.0820958662003891
0.304638701793569 0.0709382486139258
0.305638701793569 0.0612092015944291
0.306638701793569 0.0528737052434855
0.307638701793569 0.0458967396626814
0.308638701793569 0.0402432849536031
0.309638701793569 0.0358783212178372
0.310638701793569 0.0327668285569699
0.311638701793569 0.0308737870725877
0.312638701793569 0.030164176866277
0.313638701793569 0.0306029780396243
0.314638701793569 0.0321551706942159
0.315638701793569 0.0347857349316383
0.316638701793569 0.0384596508534779
0.317638701793569 0.0431418985613211
0.318638701793569 0.0487974581567542
0.319638701793569 0.0553913097413637
0.320638701793569 0.062888433416736
0.321638701793569 0.0712538092844576
0.322638701793569 0.0804524174461149
0.323638701793569 0.0904492380032942
0.324638701793569 0.101209251057582
0.325638701793569 0.112697436710564
0.326638701793569 0.124878775063828
0.327638701793569 0.13771824621896
0.328638701793569 0.151180830277546
0.329638701793569 0.165231507341172
0.330638701793569 0.179835257511425
0.331638701793569 0.194957060889892
0.332638701793569 0.210561897578158
0.333638701793569 0.22661474767781
0.334638701793569 0.243080591290435
0.335638701793569 0.25992440851762
0.336638701793569 0.277111179460949
0.337638701793569 0.29460588422201
0.338638701793569 0.31237350290239
0.339638701793569 0.330379015603674
0.340638701793569 0.348587402427449
0.341638701793569 0.366963643475302
0.342638701793569 0.385472718848818
0.343638701793569 0.404079608649585
0.344638701793569 0.422749292979189
0.345638701793569 0.441446751939215
0.346638701793569 0.460136965631251
0.347638701793569 0.478784914156883
0.348638701793569 0.497355577617698
0.349638701793569 0.515813936115281
0.350638701793569 0.53412496975122
0.351638701793569 0.5522536586271
0.352638701793569 0.570164982844508
0.353638701793569 0.58782392250503
0.354638701793569 0.605195457710253
0.355638701793569 0.622244568561764
0.356638701793569 0.638936235161148
0.357638701793569 0.655235437609992
0.358638701793569 0.671107156009883
0.359638701793569 0.686516370462406
0.360638701793569 0.701428061069149
0.361638701793569 0.715807207931697
0.362638701793569 0.729618791151638
0.363638701793569 0.742827790830557
0.364638701793569 0.755399187070041
0.365638701793569 0.767297959971677
0.366638701793569 0.77848908963705
0.367638701793569 0.788937556167747
0.368638701793569 0.798608339665355
0.369638701793569 0.80746642023146
0.370638701793569 0.815476777967649
0.371638701793569 0.822604392975507
0.372638701793569 0.828814245356621
0.373638701793569 0.834071315212578
0.374638701793569 0.838340582644965
0.375638701793569 0.841587027755366
0.376638701793569 0.84377563064537
0.377638701793569 0.844871371416561
0.378638701793569 0.844839230170528
0.379638701793569 0.843644187008856
0.380638701793569 0.841251222033131
0.381638701793569 0.83762531534494
0.382638701793569 0.832731447045869
0.383638701793569 0.826534597237506
0.384638701793569 0.818999746021435
0.385638701793569 0.810091873499244
0.386638701793569 0.799775959772519
0.387638701793569 0.788016984942846
0.388638701793569 0.774779929111813
0.389638701793569 0.753067052643474
0.390638701793569 0.718312995472404
0.391638701793569 0.675669127100937
0.392638701793569 0.630295192103687
0.393638701793569 0.587350935055265
0.394638701793569 0.551996100530284
0.395638701793569 0.529390433103356
0.396638701793569 0.525262445819737
0.397638701793569 0.563145196671771
0.398638701793569 0.638561597757441
0.399638701793569 0.731329577741719
0.400638701793569 0.821267065289573
0.401638701793569 0.888191989065973
0.402638701793569 0.926466826061318
0.403638701793569 0.961040824521288
0.404638701793569 0.993200792570428
0.405638701793569 1.02292793097083
0.406638701793569 1.05020344048461
0.407638701793569 1.07500852187384
0.408638701793569 1.09732437590064
0.409638701793569 1.1171322033271
0.410638701793569 1.13441320491531
0.411638701793569 1.14914858142738
0.412638701793569 1.16131953362541
0.413638701793569 1.17090726227149
0.414638701793569 1.17789296812771
0.415638701793569 1.18225785195619
0.416638701793569 1.18398311451901
0.417638701793569 1.18304995657828
0.418638701793569 1.17943957889609
0.419638701793569 1.17313318223455
0.420638701793569 1.16411196735574
0.421638701793569 1.15235713502177
0.422638701793569 1.13784988599473
0.423638701793569 1.12057142103673
0.424638701793569 1.10050294090986
0.425638701793569 1.07762564637622
0.426638701793569 1.0519207381979
0.427638701793569 1.02336941713702
0.428638701793569 0.991952883955655
0.429638701793569 0.957652339415915
0.430638701793569 0.920448984279896
0.431638701793569 0.880324019309695
0.432638701793569 0.837258645267411
0.433638701793569 0.791234062915142
0.434638701793569 0.742231473014986
0.435638701793569 0.690232076329041
0.436638701793569 0.610291320287622
0.437638701793569 0.432592808998849
0.438638701793569 0.236027662663263
0.439638701793569 0.115045569934813
0.440638701793569 0.0931311774527653
0.441638701793569 0.0800432244515261
0.442638701793569 0.0729823812653773
0.443638701793569 0.0716441828991382
0.444638701793569 0.0757241643576276
0.445638701793569 0.0849178606456648
0.446638701793569 0.0989208067680689
0.447638701793569 0.117239826110623
0.448638701793569 0.138047861612616
0.449638701793569 0.160809326413983
0.450638701793569 0.185344793809922
0.451638701793569 0.21147483709563
0.452638701793569 0.239020029566306
0.453638701793569 0.267800944517147
0.454638701793569 0.297638155243351
0.455638701793569 0.328352235040115
0.456638701793569 0.359763757202637
0.457638701793569 0.391693295026116
0.458638701793569 0.423961421805748
0.459638701793569 0.456388710836732
0.460638701793569 0.488795735414265
0.461638701793569 0.521003068833545
0.462638701793569 0.552831284389769
0.463638701793569 0.584100955378136
0.464638701793569 0.614632655093844
0.465638701793569 0.644246956832089
0.466638701793569 0.67276443388807
0.467638701793569 0.700005659556985
0.468638701793569 0.72579120713403
0.469638701793569 0.749941649914405
0.470638701793569 0.772277561193306
0.471638701793569 0.792619514265932
0.472638701793569 0.81078808242748
0.473638701793569 0.826603838973148
0.474638701793569 0.839887357198133
0.475638701793569 0.850459210397634
0.476638701793569 0.858139971866848
0.477638701793569 0.862750214900973
0.478638701793569 0.863530762099356
0.479638701793569 0.842208749018072
0.480638701793569 0.830070691919394
0.481638701793569 0.829168479084627
0.482638701793569 0.828415995162526
0.483638701793569 0.827807470655888
0.484638701793569 0.827337136067508
0.485638701793569 0.826999221900182
0.486638701793569 0.826787958656707
0.487638701793569 0.826697576839879
0.488638701793569 0.826722306952493
0.489638701793569 0.826856379497347
0.490638701793569 0.827094024977235
0.491638701793569 0.827429473894955
0.492638701793569 0.827856956753302
0.493638701793569 0.828370704055072
0.494638701793569 0.828964946303061
0.495638701793569 0.829633914000066
0.496638701793569 0.830371837648883
0.497638701793569 0.831172947752307
0.498638701793569 0.832031474813135
0.499638701793569 0.832941649334162
0.500638701793569 0.833897701818186
0.501638701793569 0.834893862768002
0.502638701793569 0.835924362686406
0.503638701793569 0.836983432076194
0.504638701793569 0.838065301440162
0.505638701793569 0.839164201281107
0.506638701793569 0.840274362101825
0.507638701793569 0.841390014405111
0.508638701793569 0.842505388693761
0.509638701793569 0.843614715470573
0.510638701793569 0.844712225238341
0.511638701793569 0.845792148499863
0.512638701793569 0.846848715757933
0.513638701793569 0.847876157515349
0.514638701793569 0.848868704274905
0.515638701793569 0.8498205865394
0.516638701793569 0.850726034811627
0.517638701793569 0.851579279594385
0.518638701793569 0.852374551390467
0.519638701793569 0.853106080702672
0.520638701793569 0.853768098033794
0.521638701793569 0.854354833886631
0.522638701793569 0.854860518763977
0.523638701793569 0.85527938316863
0.524638701793569 0.855605657603384
0.525638701793569 0.855833572571037
0.526638701793569 0.855957358574385
0.527638701793569 0.855971246116223
0.528638701793569 0.855869465699347
0.529638701793569 0.855646247826554
0.530638701793569 0.85529582300064
0.531638701793569 0.854812421724401
0.532638701793569 0.854190274500632
0.533638701793569 0.853423611832131
0.534638701793569 0.852506664221693
0.535638701793569 0.851433662172114
0.536638701793569 0.850198836186191
0.537638701793569 0.848797412755511
0.538638701793569 0.847365756571893
0.539638701793569 0.846001012305444
0.540638701793569 0.844700134285427
0.541638701793569 0.843460076841107
0.542638701793569 0.842277794301749
0.543638701793569 0.841150240996617
0.544638701793569 0.840074371254976
0.545638701793569 0.83904713940609
0.546638701793569 0.838065499779223
0.547638701793569 0.837126406703641
0.548638701793569 0.836226814508608
0.549638701793569 0.835363677523389
0.550638701793569 0.834533950077247
0.551638701793569 0.833734586499447
0.552638701793569 0.832962541119255
0.553638701793569 0.832214768265934
0.554638701793569 0.831488222268748
0.555638701793569 0.830779857456964
0.556638701793569 0.830086628159844
0.557638701793569 0.829405488706654
0.558638701793569 0.828733393426658
0.559638701793569 0.828067296649121
0.560638701793569 0.827404152703306
0.561638701793569 0.82674091591848
0.562638701793569 0.826074540623905
0.563638701793569 0.825401981148848
0.564638701793569 0.824720191822571
0.565638701793569 0.82402612697434
0.566638701793569 0.82331674093342
0.567638701793569 0.822588988029074
0.568638701793569 0.821839822590568
0.569638701793569 0.821066198947165
0.570638701793569 0.820265071428131
0.571638701793569 0.81943339436273
0.572638701793569 0.818568122080226
0.573638701793569 0.817666208909885
0.574638701793569 0.816724609180969
0.575638701793569 0.815740277222745
0.576638701793569 0.814710167364476
0.577638701793569 0.813631233935427
0.578638701793569 0.812500431264863
0.579638701793569 0.811314713682048
0.580638701793569 0.810071035516246
0.581638701793569 0.808766351096723
0.582638701793569 0.807397614752742
0.583638701793569 0.805961780813569
0.584638701793569 0.804455803608467
0.585638701793569 0.802876637466702
0.586638701793569 0.801221236717537
0.587638701793569 0.799486555690238
0.588638701793569 0.797669548714068
0.589638701793569 0.795767170118293
0.590638701793569 0.793776374232177
0.591638701793569 0.791694115384984
0.592638701793569 0.789517347905979
0.593638701793569 0.787243026124426
0.594638701793569 0.784868104369591
0.595638701793569 0.782389536970737
0.596638701793569 0.779804278257129
0.597638701793569 0.777109282558031
0.598638701793569 0.774301504202709
0.599638701793569 0.771377897520426
0.600638701793569 0.768335416840448
0.601638701793569 0.765171016492038
0.602638701793569 0.761881650804461
0.603638701793569 0.758464274106982
0.604638701793569 0.754915840728865
0.605638701793569 0.751233304999375
0.606638701793569 0.747413621247776
0.607638701793569 0.743453743803333
0.608638701793569 0.739350626995311
0.609638701793569 0.735101225152973
0.610638701793569 0.730702492605584
0.611638701793569 0.72615138368241
0.612638701793569 0.721444852712714
0.613638701793569 0.716579854025761
0.614638701793569 0.711553341950815
0.615638701793569 0.706362270817141
0.616638701793569 0.701003594954004
0.617638701793569 0.695474268690668
0.618638701793569 0.689771246356398
0.619638701793569 0.683891482280457
0.620638701793569 0.677831930792112
0.621638701793569 0.671589546220625
0.622638701793569 0.665161282895262
0.623638701793569 0.658544095145288
0.624638701793569 0.651734937299966
0.625638701793569 0.644730763688561
0.626638701793569 0.637528528640338
0.627638701793569 0.630125186484562
0.628638701793569 0.622517691550496
0.629638701793569 0.614702998167406
0.630638701793569 0.606678060664555
0.631638701793569 0.598439833371209
0.632638701793569 0.589985270616632
0.633638701793569 0.581311326730089
0.634638701793569 0.572414956040843
0.635638701793569 0.56329311287816
0.636638701793569 0.553942751571304
0.637638701793569 0.544350246448048
0.638638701793569 0.533104526655115
0.639638701793569 0.51943476632331
0.640638701793569 0.503654197834788
0.641638701793569 0.486076053571704
0.642638701793569 0.46701356591621
0.643638701793569 0.446779967250462
0.644638701793569 0.425688489956614
0.645638701793569 0.40405236641682
0.646638701793569 0.382184829013235
0.647638701793569 0.360399110128013
0.648638701793569 0.339008442143308
0.649638701793569 0.318326057441275
0.650638701793569 0.297559636031336
0.651638701793569 0.275147659223365
0.652638701793569 0.251516532956221
0.653638701793569 0.227131042698623
0.654638701793569 0.202455973919292
0.655638701793569 0.177956112086948
0.656638701793569 0.154096242670312
0.657638701793569 0.131341151138103
0.658638701793569 0.112299304453894
0.659638701793569 0.101454480523017
0.660638701793569 0.0982802365552913
0.661638701793569 0.102082639645187
0.662638701793569 0.112167756887171
0.663638701793569 0.127841655375712
0.664638701793569 0.148410402205279
0.665638701793569 0.17318006447034
0.666638701793569 0.201456709265362
0.667638701793569 0.232546403684815
0.668638701793569 0.265755214823165
0.669638701793569 0.300389209774883
0.670638701793569 0.335754455634435
0.671638701793569 0.37115701949629
0.672638701793569 0.405902968454917
0.673638701793569 0.439298369604783
0.674638701793569 0.470649290040356
0.675638701793569 0.499261796856106
0.676638701793569 0.5244419571465
0.677638701793569 0.545495838006006
0.678638701793569 0.561729506529093
0.679638701793569 0.572449029810228
0.680638701793569 0.576960474943881
0.681638701793569 0.57456990902452
0.682638701793569 0.564129700614197
0.683638701793569 0.474318181080484
0.684638701793569 0.363380919076204
0.685638701793569 0.34273440750253
0.686638701793569 0.339549016345645
0.687638701793569 0.342955987867126
0.688638701793569 0.352005713252383
0.689638701793569 0.365748583686825
0.690638701793569 0.383234990355864
0.691638701793569 0.403515324444909
0.692638701793569 0.425639977139372
0.693638701793569 0.448659339624663
0.694638701793569 0.471623803086192
0.695638701793569 0.49358375870937
0.696638701793569 0.513589597679606
0.697638701793569 0.530691711182313
0.698638701793569 0.543940490402899
0.699638701793569 0.552386326526776
0.700638701793569 0.555079610739354
0.701638701793569 0.551070734226044
0.702638701793569 0.539446843726222
0.703638701793569 0.52422195687506
0.704638701793569 0.508423980119666
0.705638701793569 0.491796798194261
0.706638701793569 0.474084295833066
0.707638701793569 0.455030357770302
0.708638701793569 0.434378868740192
0.709638701793569 0.411873713476955
0.710638701793569 0.387258776714814
0.711638701793569 0.360277943187989
0.712638701793569 0.330553568043873
0.713638701793569 0.292899916304252
0.714638701793569 0.248305132268258
0.715638701793569 0.20179368610491
0.716638701793569 0.158372049667843
0.717638701793569 0.119374668639911
0.718638701793569 0.0835577092948023
0.719638701793569 0.0509126092490343
0.720638701793569 0.0214308061191241
0.721638701793569 -0.00489626247841127
0.722638701793569 -0.0280771589270545
0.723638701793569 -0.0481204456102885
0.724638701793569 -0.0650346849115959
0.725638701793569 -0.0788284392144598
0.726638701793569 -0.0895102709023628
0.727638701793569 -0.0970887423587877
0.728638701793569 -0.101572415967217
0.729638701793569 -0.102969854111135
0.730638701793569 -0.101289619174022
0.731638701793569 -0.0965402735393634
0.732638701793569 -0.0887303795906404
0.733638701793569 -0.0778684997113362
0.734638701793569 -0.0639631962849335
0.735638701793569 -0.0470230316949155
0.736638701793569 -0.0270565683247647
0.737638701793569 -0.00407236855796395
0.738638701793569 0.0219210052220039
0.739638701793569 0.0509149906316561
0.740638701793569 0.196879813830049
0.741638701793569 0.225804049932987
0.74263870179357 0.251318050682418
0.74363870179357 0.273506502158794
0.74463870179357 0.292454090442567
0.74563870179357 0.30824550161419
0.74663870179357 0.320965421754113
0.74763870179357 0.330698536942789
0.74863870179357 0.33752953326067
0.74963870179357 0.341543096788207
0.75063870179357 0.342823913605853
0.75163870179357 0.34145666979406
0.75263870179357 0.337526051433279
0.75363870179357 0.331116744603962
0.75463870179357 0.322313435386562
0.75563870179357 0.31120080986153
0.75663870179357 0.297863554109317
0.75763870179357 0.282386354210377
0.75863870179357 0.264853896245161
0.75963870179357 0.245350866294121
0.76063870179357 0.222122207726456
0.76163870179357 0.187449802997894
0.76263870179357 0.149877177054689
0.76363870179357 0.12056189053785
0.76463870179357 0.114049833327459
0.76563870179357 0.195014547293188
0.76663870179357 0.349189692644527
0.76763870179357 0.529940521765917
0.76863870179357 0.690632287041802
0.76963870179357 0.784630240856623
0.77063870179357 0.792015540794299
0.77163870179357 0.781038827990845
0.77263870179357 0.759983256293888
0.77363870179357 0.730119654221079
0.77463870179357 0.692718850290069
0.77563870179357 0.649051673018509
0.77663870179357 0.600388950924051
0.77763870179357 0.548001512524347
0.77863870179357 0.493160186337047
0.77963870179357 0.437135800879803
0.78063870179357 0.381199184670267
0.78163870179357 0.326621166226089
0.78263870179357 0.274672574064921
0.78363870179357 0.226624236704414
0.78463870179357 0.18374698266222
0.78563870179357 0.14731164045599
0.78663870179357 0.118589038603376
0.78763870179357 0.0988500056220276
0.78863870179357 0.0893653700295978
0.78963870179357 0.0914059603437376
0.79063870179357 0.102271106533528
0.79163870179357 0.113492488778689
0.79263870179357 0.124741380999668
0.79363870179357 0.136034042054082
0.79463870179357 0.147386730799549
0.79563870179357 0.158815706093687
0.79663870179357 0.170337226794113
0.79763870179357 0.181967551758445
0.79863870179357 0.1937229398443
0.79963870179357 0.205619649909297
0.80063870179357 0.217673940811053
0.80163870179357 0.229902071407186
0.80263870179357 0.242320300555313
0.80363870179357 0.254944887113053
0.80463870179357 0.267792089938023
0.80563870179357 0.28087816788784
0.80663870179357 0.294464639075975
0.80763870179357 0.308888362574845
0.80863870179357 0.323985031395128
0.80963870179357 0.33958179162976
0.81063870179357 0.355505789371674
0.81163870179357 0.371584170713804
0.81263870179357 0.387644081749083
0.81363870179357 0.403512668570446
0.81463870179357 0.419017077270827
0.81563870179357 0.43398445394316
0.81663870179357 0.448241944680378
0.81763870179357 0.461616695575415
0.81863870179357 0.473935852721206
0.81963870179357 0.485026562210684
0.82063870179357 0.494715970136783
0.82163870179357 0.502042754301699
0.82263870179357 0.505101265734806
0.82363870179357 0.504093162252704
0.82463870179357 0.499319513670893
0.82563870179357 0.491081389804873
0.82663870179357 0.479679860470144
0.82763870179357 0.465415995482204
0.82863870179357 0.448590864656554
0.82963870179357 0.429505537808693
0.83063870179357 0.408461084754122
0.83163870179357 0.385758575308338
0.83263870179357 0.361699079286843
0.83363870179357 0.336583666505135
0.83463870179357 0.310713406778715
0.83563870179357 0.284389369923082
0.83663870179357 0.257912625753734
0.83763870179357 0.231584244086174
0.83863870179357 0.205705294735899
0.83963870179357 0.180576847518409
0.84063870179357 0.156499972249204
0.84163870179357 0.133775738743784
0.84263870179357 0.112696917198516
0.84363870179357 0.08620103548283
0.84463870179357 0.0556773875077182
0.84563870179357 0.0403188409606355
0.84663870179357 0.0653355085753159
0.84763870179357 0.124800253681536
0.84863870179357 0.210989926284807
0.84963870179357 0.316181376390638
0.85063870179357 0.432651454004541
0.85163870179357 0.552677009132026
0.85263870179357 0.668534891778602
0.85363870179357 0.772501951949782
0.85463870179357 0.856855039651074
0.85563870179357 0.91387100488799
0.85663870179357 0.935826697666041
0.85763870179357 0.791576864973309
0.85863870179357 0.255160779753146
0.85963870179357 0.0436486910292984
0.86063870179357 0.0652402937759467
0.86163870179357 0.0882056280864813
0.86263870179357 0.112560939901022
0.86363870179357 0.138322475159687
0.86463870179357 0.165506479802597
0.86563870179357 0.194129199769871
0.86663870179357 0.224206881001629
0.86763870179357 0.25575576943799
0.86863870179357 0.288792111019073
0.86963870179357 0.323158209876355
0.87063870179357 0.358547199849944
0.87163870179357 0.394766281707829
0.87263870179357 0.431622699117447
0.87363870179357 0.468923695746239
0.87463870179357 0.506476515261642
0.87563870179357 0.544088401331095
0.87663870179357 0.581566597622036
0.87763870179357 0.618718347801904
0.87863870179357 0.655350895538139
0.87963870179357 0.691271484498177
0.88063870179357 0.726287358349458
0.88163870179357 0.760205760759421
0.88263870179357 0.792833935395504
0.88363870179357 0.823979125925145
0.88463870179357 0.853448576015784
0.88563870179357 0.881049529334858
0.88663870179357 0.906599620914194
0.88763870179357 0.930345581363551
0.88863870179357 0.952493521149674
0.88963870179357 0.973079567215684
0.89063870179357 0.992139846504705
0.89163870179357 1.00971048595986
0.89263870179357 1.02582761252427
0.89363870179357 1.04052735314105
0.89463870179357 1.05384583475334
0.89563870179357 1.06581918430426
0.89663870179357 1.07648352873692
0.89763870179357 1.08587499499444
0.89863870179357 1.09402971001997
0.89963870179357 1.1009838007566
0.90063870179357 1.10677339414748
0.90163870179357 1.11143461713571
0.90263870179357 1.11500359666443
0.90363870179357 1.11751645967675
0.90463870179357 1.11900933311581
0.90563870179357 1.11951834392471
0.90663870179357 1.11907961904659
0.90763870179357 1.11772928542457
0.90863870179357 1.11550347000176
0.90963870179357 1.1124382997213
0.91063870179357 1.1085699015263
0.91163870179357 1.1039344023599
0.91263870179357 1.0985679291652
0.91363870179357 1.09250660888534
0.91463870179357 1.08578656846343
0.91563870179357 1.0784439348426
0.91663870179357 1.07051483496598
0.91763870179357 1.06203539577668
0.91863870179357 1.05304174421782
0.91963870179357 1.04357000723254
0.92063870179357 1.03365631176395
0.92163870179357 1.02333678475518
0.92263870179357 1.01264755314934
0.92363870179357 1.00162474388957
0.92463870179357 0.99030448391898
0.92563870179357 0.978722900180696
0.92663870179357 0.966916119617843
0.92763870179357 0.954920269173542
0.92863870179357 0.942771475790916
0.92963870179357 0.930505866413088
0.93063870179357 0.918159567983181
0.93163870179357 0.905768707444317
0.93263870179357 0.893369411739619
0.93363870179357 0.880997807812211
0.93463870179357 0.868690022605214
0.93563870179357 0.856482183061751
0.93663870179357 0.844410416124946
0.93763870179357 0.832510848737921
0.93863870179357 0.820819607843798
0.93963870179357 0.809372820385701
0.94063870179357 0.798206613306752
0.94163870179357 0.787357113550075
0.94263870179357 0.776860448058791
0.94363870179357 0.766752743776024
0.94463870179357 0.757070127644896
0.94563870179357 0.74784872660853
0.94663870179357 0.739124667610048
0.94763870179357 0.730934077592575
0.94863870179357 0.723313083499232
0.94963870179357 0.715299661271796
0.95063870179357 0.703590725913859
0.95163870179357 0.688224608648425
0.95263870179357 0.669544033597482
0.95363870179357 0.647891724883018
0.95463870179357 0.623610406627021
0.95563870179357 0.597042802951477
0.95663870179357 0.568531637978376
0.95763870179357 0.538419635829705
0.95863870179357 0.507049520627451
0.95963870179357 0.474764016493603
0.96063870179357 0.441905847550147
0.96163870179357 0.408817737919072
0.96263870179357 0.375842411722365
0.96363870179357 0.343322593082014
0.96463870179357 0.311601006120007
0.96563870179357 0.281020374958331
0.96663870179357 0.251923423718975
0.96763870179357 0.224652876523925
0.96863870179357 0.199551457495171
0.96963870179357 0.176961890754698
0.97063870179357 0.157226900424496
0.97163870179357 0.140689210626551
0.97263870179357 0.127691545482852
0.97363870179357 0.118576629115386
0.97463870179357 0.135893582291496
0.97563870179357 0.23457648655581
0.97663870179357 0.388833602028181
0.97763870179357 0.567303342832054
0.97863870179357 0.738624123090876
0.97963870179357 0.871434356928094
0.98063870179357 0.93883936358588
0.98163870179357 0.973373593569862
0.98263870179357 0.990430237688774
0.98363870179357 0.992002802577493
0.98463870179357 0.980084794870893
0.98563870179357 0.956669721203852
0.98663870179357 0.923751088211246
0.98763870179357 0.883322402527952
0.98863870179357 0.837377170788844
0.98963870179357 0.787908899628801
0.99063870179357 0.736911095682697
0.99163870179357 0.68637726558541
0.99263870179357 0.638300915971815
0.99363870179357 0.594675553476789
0.99463870179357 0.557494684735208
