0.1078125 138.7729852853 138.635734191761 138.910364245332 
0.1234375 138.405102871695 138.253201201892 138.557163445613 
0.1390625 138.038195701723 137.871723722632 138.204860712827 
0.1546875 137.672261190046 137.491298841547 137.853453763503 
0.1703125 137.307296758179 137.111923654238 137.502940319975 
0.1859375 136.943299834476 136.733595264317 137.153318110367 
0.2015625 136.580267854106 136.356310783394 136.804584868582 
0.2171875 136.218198259035 135.980067331043 136.456738334284 
0.2328125 135.857088498015 135.604862034789 136.109776252882 
0.2484375 135.496936026558 135.230692030083 135.763696375521 
0.2640625 135.137738306923 134.857554460279 135.418496459062 
0.2796875 134.779492808095 134.485446476613 135.074174266071 
0.2953125 134.422197005769 134.114365238183 134.730727564801 
0.3109375 134.065848382333 133.744307911924 134.388154129181 
0.3265625 133.710444426848 133.375271672589 134.0464517388 
0.3421875 133.355982635032 133.007253702728 133.705618178893 
0.3578125 133.002460509241 132.640251192662 133.365651240325 
0.3734375 132.649875558453 132.274261340468 133.02654871958 
0.3890625 132.298225298249 131.909281351951 132.688308418743 
0.4046875 131.947507250798 131.545308440629 132.350928145489 
0.4203125 131.597718944833 131.182339827707 132.014405713066 
0.4359375 131.248857915644 130.820372742057 131.678738940282 
0.4515625 130.900921705051 130.459404420198 131.343925651494 
0.4671875 130.553907861392 130.099432106276 131.009963676586 
0.4828125 130.207813939503 129.740453052037 130.676850850965 
0.4984375 129.862637500704 129.382464516813 130.344585015538 
0.5140625 129.518376112779 129.025463767498 130.013164016704 
0.5296875 129.175027349959 128.669448078528 129.682585706336 
0.5453125 128.832588792907 128.314414731857 129.352847941771 
0.5609375 128.491058028698 127.960361016941 129.023948585792 
0.5765625 128.150432650804 127.607284230715 128.695885506618 
0.5921875 127.810710259078 127.255181677571 128.368656577888 
0.6078125 127.471888459735 126.904050669341 128.042259678646 
0.6234375 127.133964865334 126.553888525273 127.71669269333 
0.6390625 126.796937094766 126.204692572012 127.391953511759 
0.6546875 126.460802773232 125.85646014358 127.068040029113 
0.6703125 126.12555953223 125.509188581354 126.744950145929 
0.6859375 125.791205009536 125.162875234049 126.422681768078 
0.7015625 125.457736849187 124.817517457693 126.101232806759 
0.7171875 125.125152701469 124.473112615612 125.780601178478 
0.7328125 124.793450222893 124.129658078405 125.460784805043 
0.7484375 124.462627076186 123.787151223928 125.141781613544 
0.7640625 124.132680930268 123.445589437271 124.823589536341 
0.7796875 123.803609460241 123.104970110739 124.506206511052 
0.7953125 123.47541034737 122.765290643834 124.18963048054 
0.8109375 123.148081279064 122.426548443233 123.873859392897 
0.8265625 122.821619948866 122.088740922767 123.558891201433 
0.8421875 122.496024056433 121.751865503404 123.244723864662 
0.8578125 122.171291307518 121.415919613228 122.931355346289 
0.8734375 121.847419413957 121.080900687422 122.618783615196 
0.8890625 121.524406093653 120.746806168241 122.30700664543 
0.9046875 121.202249070557 120.413633505003 121.996022416188 
0.9203125 120.880946074656 120.08138015406 121.685828911808 
0.9359375 120.560494841951 119.750043578784 121.37642412175 
0.9515625 120.240893114449 119.419621249547 121.067806040587 
0.9671875 119.92213864014 119.090110643699 120.759972667994 
0.9828125 119.604229172985 118.761509245554 120.452922008727 
0.9984375 119.287162472899 118.433814546363 120.14665207262 
1.0140625 118.970936305735 118.107024044303 119.841160874564 
1.0296875 118.655548443271 117.781135244452 119.536446434499 
1.0453125 118.340996663188 117.456145658773 119.232506777399 
1.0609375 118.027278749061 117.132052806095 118.929339933261 
1.0765625 117.714392490341 116.808854212091 118.626943937089 
1.0921875 117.402335682337 116.486547409264 118.325316828885 
1.1078125 117.091106126203 116.165129936923 118.024456653634 
1.1234375 116.780701628925 115.844599341169 117.724361461291 
1.1390625 116.471120003298 115.524953174872 117.425029306772 
1.1546875 116.162359067919 115.206188997656 117.126458249936 
1.1703125 115.854416647165 114.888304375876 116.828646355575 
1.1859375 115.547290571184 114.571296882605 116.531591693404 
1.2015625 115.240978675872 114.255164097611 116.235292338044 
1.2171875 114.935478802865 113.939903607341 115.939746369012 
1.2328125 114.63078879952 113.625513004901 115.644951870708 
1.2484375 114.3269065189 113.311989890038 115.350906932405 
1.2640625 114.023829819759 112.999331869121 115.05760964823 
1.2796875 113.72155656653 112.687536555127 114.765058117159 
1.2953125 113.420084629304 112.376601567617 114.473250443001 
1.3109375 113.119411883821 112.06652453272 114.182184734386 
1.3265625 112.81953621145 111.757303083115 113.891859104754 
1.3421875 112.520455499178 111.448934858016 113.602271672341 
1.3578125 112.222167639593 111.141417503147 113.313420560168 
1.3734375 111.92467053087 110.83474867073 113.025303896028 
1.3890625 111.627962076756 110.528926019467 112.737919812475 
1.4046875 111.332040186554 110.223947214516 112.451266446811 
1.4203125 111.036902775111 109.919809927482 112.165341941074 
1.4359375 110.7425477628 109.61651183639 111.880144442028 
1.4515625 110.448973075508 109.314050625677 111.595672101145 
1.4671875 110.15617664462 109.012423986165 111.311923074602 
1.4828125 109.864156407006 108.71162961505 111.028895523261 
1.4984375 109.572910305003 108.411665215881 110.746587612661 
1.5140625 109.282436286405 108.112528498544 110.464997513005 
1.5296875 108.992732304444 107.814217179244 110.18412339915 
1.5453125 108.703796317782 107.516728980487 109.903963450593 
1.5609375 108.415626290488 107.220061631065 109.62451585146 
1.5765625 108.12822019203 106.924212866035 109.345778790493 
1.5921875 107.841575997259 106.629180426704 109.06775046104 
1.6078125 107.555691686395 106.334962060612 108.790429061044 
1.6234375 107.270565245012 106.041555521513 108.513812793029 
1.6390625 106.986194664024 105.74895856936 108.237899864088 
1.6546875 106.70257793967 105.457168970286 107.962688485875 
1.6703125 106.419713073503 105.166184496589 107.688176874591 
1.6859375 106.137598072373 104.876002926714 107.41436325097 
1.7015625 105.856230948413 104.586622045234 107.141245840273 
1.7171875 105.575609719027 104.298039642836 106.868822872273 
1.7328125 105.295732406873 104.010253516303 106.597092581242 
1.7484375 105.016597039853 103.723261468498 106.326053205944 
1.7640625 104.738201651095 103.437061308346 106.05570298962 
1.7796875 104.460544278943 103.151650850816 105.786040179978 
1.7953125 104.18362296694 102.86702791691 105.517063029182 
1.8109375 103.907435763815 102.583190333639 105.248769793839 
1.8265625 103.631980723472 102.300135934011 104.981158734991 
1.8421875 103.357255904973 102.017862557014 104.714228118099 
1.8578125 103.083259372523 101.736368047596 104.447976213035 
1.8734375 102.809989195462 101.455650256656 104.182401294072 
1.8890625 102.537443448246 101.17570704102 103.91750163987 
1.9046875 102.265620210438 100.896536263426 103.653275533463 
1.9203125 101.994517566689 100.618135792514 103.389721262254 
1.9359375 101.724133606729 100.3405035028 103.126837118 
1.9515625 101.454466425353 100.063637274669 102.864621396801 
1.9671875 101.185514122404 99.7875349943515 102.603072399089 
1.9828125 100.917274802765 99.5121945539117 102.342188429617 
1.9984375 100.649746576342 99.2376138512301 102.081967797451 
2.0140625 100.38292755805 98.9637907899876 101.822408815953 
2.0296875 100.116815867804 98.6907232796493 101.563509802776 
2.0453125 99.8514096305014 98.4184092354485 101.305269079849 
2.0609375 99.5867069760101 98.146846578371 101.04768497337 
2.0765625 99.3227060391566 97.8760332351393 100.790755813791 
2.0921875 99.0594049597116 97.6059671381966 100.534479935808 
2.1078125 98.796801882377 97.3366462256907 100.278855678355 
2.1234375 98.5348949567734 97.0680684414591 100.023881384587 
2.1390625 98.2736823374264 96.8002317350125 99.7695554018711 
2.1546875 98.0131621837539 96.5331340615195 99.5158760817781 
2.1703125 97.7533326600533 96.2667733817909 99.2628417800695 
2.1859375 97.4941919354883 96.0011476622643 99.0104508566877 
2.2015625 97.2357381840761 95.7362548749883 98.7587016757452 
2.2171875 96.9779695846743 95.4720929976072 98.5075926055137 
2.2328125 96.7208843209687 95.2086600133456 98.2571220184142 
2.2484375 96.4644805814597 94.9459539109928 98.0072882910058 
2.2640625 96.2087565594502 94.6839726848876 97.7580898039756 
2.2796875 95.9537104530323 94.4227143349031 97.509524942128 
2.2953125 95.6993404650753 94.1621768664311 97.2615920943743 
2.3109375 95.4456448032122 93.902358290367 97.0142896537221 
2.3265625 95.1926216798279 93.6432566230949 96.7676160172653 
2.3421875 94.9402693120458 93.3848698864721 96.5215695861731 
2.3578125 94.688585921716 93.1271961078142 96.2761487656803 
2.3734375 94.4375697354022 92.8702333198798 96.0313519650765 
2.3890625 94.1872189843695 92.6139795608558 95.7871775976957 
2.4046875 93.937531904572 92.3584328743421 95.5436240809066 
2.4203125 93.6885067366398 92.1035913093371 95.3006898361018 
2.4359375 93.4401417258674 91.8494529202223 95.0583732886877 
2.4515625 93.192435122201 91.5960157667478 94.8166728680746 
2.4671875 92.9453851802259 91.3432779140172 94.5755870076659 
2.4828125 92.6989901591544 91.0912374324732 94.3351141448485 
2.4984375 92.4532483228139 90.8398923978826 94.0952527209826 
2.5140625 92.208157939634 90.5892408913217 93.8560011813913 
2.5296875 91.9637172826349 90.3392809991614 93.6173579753508 
2.5453125 91.7199246294146 90.0900108130532 93.3793215560801 
2.5609375 91.4767782621376 89.8414284299138 93.1418903807313 
2.5765625 91.234276467522 89.5935319519115 92.9050629103794 
2.5921875 90.9924175368278 89.3463194864508 92.6688376100123 
2.6078125 90.7511997658448 89.0997891461586 92.4332129485208 
2.6234375 90.5106214548807 88.8539390488696 92.1981873986891 
2.6390625 90.270680908749 88.6087673176116 91.9637594371843 
2.6546875 90.0313764367571 88.3642720805919 91.7299275445468 
2.6703125 89.7927063526942 88.1204514711822 91.4966902051806 
2.6859375 89.5546689748197 87.8773036279049 91.2640459073432 
2.7015625 89.3172626258513 87.6348266944188 91.0319931431362 
2.7171875 89.0804856329531 87.3930188195046 90.8005304084949 
2.7328125 88.8443363277238 87.1518781570512 90.5696562031792 
2.7484375 88.6088130461848 86.9114028660414 90.3393690307634 
2.7640625 88.373914128769 86.6715911105377 90.1096673986268 
2.7796875 88.1396379203085 86.4324410596687 89.8805498179438 
2.7953125 87.9059827700233 86.1939508876146 89.6520148036746 
2.8109375 87.6729470315095 85.9561187735937 89.4240608745551 
2.8265625 87.4405290627278 85.7189429018482 89.1966865530876 
2.8421875 87.2087272259918 85.4824214616306 88.9698903655313 
2.8578125 86.9775398879567 85.2465526471895 88.7436708418924 
2.8734375 86.7469654196076 85.0113346577565 88.5180265159149 
2.8890625 86.517002196248 84.7767656975315 88.292955925071 
2.9046875 86.2876485974884 84.5428439756697 88.0684576105516 
2.9203125 86.058903007235 84.3095677062678 87.8445301172567 
2.9359375 85.8307638136781 84.0769351083501 87.6211719937863 
2.9515625 85.6032294092809 83.8449444058553 87.3983817924308 
2.9671875 85.3762981907682 83.6135938276226 87.1761580691615 
2.9828125 85.1499685591149 83.3828816073783 86.9544993836213 
2.9984375 84.9242389195349 83.1528059837223 86.7334042991157 
3.0140625 84.6991076814699 82.9233652001148 86.512871382603 
3.0296875 84.474573258578 82.6945575048627 86.2928992046853 
3.0453125 84.2506340687227 82.4663811511061 86.0734863395991 
3.0609375 84.0272885339617 82.2388343968055 85.8546313652062 
3.0765625 83.8045350805357 82.0119155047279 85.6363328629845 
3.0921875 83.5823721388575 81.7856227424339 85.4185894180184 
3.1078125 83.3607981435008 81.5599543822642 85.2013996189901 
3.1234375 83.139811533189 81.3349087013269 84.9847620581705 
3.1390625 82.9194107507847 81.1104839814836 84.7686753314096 
3.1546875 82.6995942432781 80.8866785093371 84.5531380381278 
3.1703125 82.4803604617766 80.6634905762176 84.3381487813064 
3.1859375 82.2617078614937 80.4409184781703 84.1237061674794 
3.2015625 82.0436349017377 80.2189605159417 83.9098088067233 
3.2171875 81.8261400459018 79.9976149949672 83.696455312649 
3.2328125 81.6092217614522 79.776880225358 83.4836443023926 
3.2484375 81.392878519918 79.556754521888 83.2713743966061 
3.2640625 81.1771087968801 79.3372362039813 83.0596442194488 
3.2796875 80.9619110719609 79.1183235956989 82.8484523985784 
3.2953125 80.7472838288129 78.9000150257264 82.6377975651417 
3.3109375 80.5332255551086 78.6823088273608 82.4276783537664 
3.3265625 80.3197347425295 78.4652033384982 82.2180934025515 
3.3421875 80.1068098867558 78.2486969016206 82.0090413530592 
3.3578125 79.8944494874553 78.0327878637838 81.8005208503054 
3.3734375 79.6826520482733 77.8174745766045 81.5925305427514 
3.3890625 79.471416076822 77.6027553962474 81.3850690822951 
3.4046875 79.2607400846696 77.3886286834134 81.1781351242619 
3.4203125 79.0506225873304 77.1750928033265 80.9717273273965 
3.4359375 78.8410621042538 76.9621461257214 80.7658443538538 
3.4515625 78.632057158814 76.7497870248312 80.5604848691904 
3.4671875 78.4236062782999 76.5380138793749 80.355647542356 
3.4828125 78.2157079939045 76.3268250725452 80.1513310456846 
3.4984375 78.0083608407144 76.1162189919958 79.9475340548859 
3.5140625 77.8015633576998 75.9061940298294 79.7442552490372 
3.5296875 77.5953140877039 75.6967485825852 79.541493310574 
3.5453125 77.3896115774328 75.487881051227 79.3392469252821 
3.5609375 77.1844543774453 75.2795898411306 79.1375147822889 
3.5765625 76.9798410421427 75.0718733620718 78.9362955740549 
3.5921875 76.7757701297582 74.8647300282142 78.7355879963652 
3.6078125 76.5722402023474 74.6581582580974 78.5353907483211 
3.6234375 76.3692498257778 74.4521564746244 78.3357025323315 
3.6390625 76.1667975697185 74.24672310505 78.1365220541048 
3.6546875 75.9648820076307 74.0418565809684 77.9378480226403 
3.6703125 75.763501716757 73.8375553383018 77.7396791502196 
3.6859375 75.5626552781119 73.6338178172878 77.542014152399 
3.7015625 75.3623412764715 73.430642462468 77.3448517480003 
3.7171875 75.1625583003635 73.2280277226757 77.1481906591031 
3.7328125 74.9633049420575 73.0259720510245 76.9520296110361 
3.7484375 74.764579797555 72.8244739048962 76.7563673323693 
3.7640625 74.5663814665793 72.623531745929 76.5612025549053 
3.7796875 74.3687085525659 72.4231440400061 76.3665340136715 
3.7953125 74.1715596626524 72.2233092572435 76.1723604469114 
3.8109375 73.9749334076689 72.0240258719787 75.978680596077 
3.8265625 73.7788284021283 71.8252923627587 75.7854932058202 
3.8421875 73.5832432642162 71.6271072123288 75.5927970239847 
3.8578125 73.3881766157814 71.4294689076208 75.4005908015982 
3.8734375 73.193627082326 71.2323759397414 75.208873292864 
3.8890625 72.9995932929962 71.0358268039608 75.0176432551532 
3.9046875 72.8060738805718 70.8398199997009 74.8268994489962 
3.9203125 72.6130674814574 70.6443540305245 74.6366406380751 
3.9359375 72.4205727356725 70.4494274041232 74.4468655892154 
3.9515625 72.2285882868415 70.2550386323064 74.2575730723785 
3.9671875 72.0371127821847 70.0611862309896 74.0687618606528 
3.9828125 71.8461448725088 69.8678687201836 73.8804307302468 
3.9984375 71.6556832121968 69.6750846239826 73.6925784604804 
4.0140625 71.4657264591991 69.4828324705535 73.5052038337773 
4.0296875 71.2762732750238 69.2911107921241 73.3183056356573 
4.0453125 71.0873223247271 69.0999181249724 73.1318826547278 
4.0609375 70.8988722769044 68.909253009415 72.9459336826767 
4.0765625 70.7109218036804 68.7191139897963 72.7604575142641 
4.0921875 70.5234695807001 68.5294996144772 72.5754529473145 
4.1078125 70.3365142871191 68.3404084358241 72.3909187827093 
4.1234375 70.1500546055947 68.1518390101977 72.2068538243788 
4.1390625 69.9640892222764 67.9637898979422 72.0232568792942 
4.1546875 69.7786168267966 67.7762596633742 71.8401267574607 
4.1703125 69.5936361122616 67.5892468747716 71.6574622719088 
4.1859375 69.4091457752419 67.4027501043628 71.4752622386872 
4.2015625 69.2251445157638 67.2167679283161 71.2935254768549 
4.2171875 69.0416310372994 67.0312989267281 71.1122508084738 
4.2328125 68.8586040467581 66.8463416836137 70.9314370586008 
4.2484375 68.6760622544771 66.6618947868946 70.7510830552802 
4.2640625 68.4940043742124 66.4779568283889 70.5711876295362 
4.2796875 68.31242912313 66.2945264038003 70.3917496153654 
4.2953125 68.1313352217964 66.1116021127072 70.212767849729 
4.3109375 67.9507213941702 65.9291825585522 70.0342411725456 
4.3265625 67.7705863675922 65.7472663486314 69.8561684266832 
4.3421875 67.5909288727776 65.5658520940838 69.6785484579522 
4.3578125 67.4117476438058 65.3849384098804 69.5013801150977 
4.3734375 67.2330414181126 65.2045239148142 69.324662249792 
4.3890625 67.0548089364806 65.0246072314891 69.1483937166271 
4.4046875 66.8770489430306 64.8451869863096 68.9725733731074 
4.4203125 66.6997601852127 64.6662618094704 68.7972000796426 
4.4359375 66.5229414137973 64.4878303349458 68.6222726995394 
4.4515625 66.3465913828667 64.3098912004794 68.4477900989952 
4.4671875 66.170708849806 64.1324430475735 68.2737511470901 
4.4828125 65.9952925752945 63.9554845214791 68.1001547157797 
4.4984375 65.8203413232966 63.779014271185 67.9269996798878 
4.5140625 65.6458538610537 63.603030949408 67.7542849170993 
4.5296875 65.4718289590752 63.4275332125823 67.5820093079525 
4.5453125 65.2982653911296 63.2525197208496 67.4101717358324 
4.5609375 65.1251619342363 63.0779891380483 67.238771086963 
4.5765625 64.9525173686567 62.9039401317039 67.0678062504001 
4.5921875 64.7803304778858 62.7303713730183 66.8972761180246 
4.6078125 64.6086000486432 62.5572815368601 66.7271795845346 
4.6234375 64.4373248708653 62.3846693017543 66.5575155474389 
4.6390625 64.266503737696 62.212533349872 66.3882829070493 
4.6546875 64.0961354454787 62.0408723670208 66.2194805664739 
4.6703125 63.9262187937475 61.8696850426343 66.0511074316097 
4.6859375 63.7567525852191 61.6989700697625 65.8831624111358 
4.7015625 63.5877356257841 61.5287261450613 65.715644416506 
4.7171875 63.4191667244985 61.3589519687833 65.5485523619418 
4.7328125 63.2510446935755 61.1896462447671 65.3818851644257 
4.7484375 63.0833683483773 61.0208076804279 65.2156417436938 
4.7640625 62.9161365074062 60.8524349867475 65.0498210222289 
4.7796875 62.7493479922968 60.6845268782645 64.8844219252537 
4.7953125 62.5830016278076 60.5170820730642 64.7194433807235 
4.8109375 62.4170962418124 60.3500992927694 64.5548843193195 
4.8265625 62.2516306652924 60.1835772625298 64.390743674442 
4.8421875 62.0866037323278 60.0175147110133 64.227020382203 
4.8578125 61.9220142800896 59.8519103703953 64.0637133814198 
4.8734375 61.7578611488315 59.6867629763497 63.9008216136077 
4.8890625 61.5941431818815 59.522071268039 63.7383440229737 
4.9046875 61.430859225634 59.3578339881046 63.576279556409 
4.9203125 61.2680081295415 59.1940498826573 63.4146271634827 
4.9359375 61.1055887461067 59.0307177012678 63.2533857964345 
4.9515625 60.9435999308741 58.867836196957 63.0925544101686 
4.9671875 60.7820405424223 58.7054041261866 62.9321319622461 
4.9828125 60.6209094423556 58.5434202488495 62.772117412879 
4.9984375 60.4602054952962 58.3818833282603 62.612509724923 
5.0140625 60.2999275688761 58.2207921311461 62.4533078638707 
5.0296875 60.1400745337294 58.060145427637 62.2945107978454 
5.0453125 59.9806452634839 57.8999419912564 62.136117497594 
5.0609375 59.8216386347533 57.740180598912 61.9781269364802 
5.0765625 59.6630535271295 57.5808600308864 61.8205380904785 
5.0921875 59.5048888231746 57.4219790708275 61.6633499381669 
5.1078125 59.3471434084129 57.2635365057398 61.5065614607204 
5.1234375 59.1898161713232 57.1055311259744 61.3501716419048 
5.1390625 59.0329060033308 56.9479617252204 61.1941794680696 
5.1546875 58.8764117987999 56.7908271004954 61.0385839281418 
5.1703125 58.7203324550256 56.6341260521363 60.8833840136192 
5.1859375 58.5646668722264 56.47785738379 60.7285787185638 
5.2015625 58.4094139535361 56.3220199024049 60.5741670395953 
5.2171875 58.2545726049964 56.166612418221 60.4201479758849 
5.2328125 58.1001417355489 56.0116337447612 60.2665205291482 
5.2484375 57.9461202570277 55.8570826988224 60.1132837036394 
5.2640625 57.7925070841514 55.702958100466 59.9604365061444 
5.2796875 57.639301134516 55.5492587730094 59.8079779459745 
5.2953125 57.4865013285864 55.3959835430167 59.6559070349601 
5.3109375 57.3341065896899 55.2431312402897 59.5042227874439 
5.3265625 57.1821158440075 55.0907006978594 59.352924220275 
5.3421875 57.0305280205672 54.9386907519764 59.2020103528022 
5.3578125 56.8793420512359 54.7871002421027 59.051480206868 
5.3734375 56.7285568707122 54.6359280109023 58.9013328068017 
5.3890625 56.5781714165188 54.4851729042328 58.7515671794135 
5.4046875 56.4281846289949 54.3348337711363 58.6021823539882 
5.4203125 56.2785954512888 54.1849094638306 58.4531773622786 
5.4359375 56.1294028293506 54.0353988377007 58.3045512384995 
5.4515625 55.9806057119246 53.8863007512899 58.1563030193215 
5.4671875 55.832203050542 53.7376140662909 58.0084317438644 
5.4828125 55.6841937995132 53.5893376475374 57.8609364536913 
5.4984375 55.5365769159211 53.4414703629955 57.7138161928021 
5.5140625 55.389351359613 53.2940110837545 57.5670700076278 
5.5296875 55.2425160931936 53.146958684019 57.4206969470237 
5.5453125 55.0960700820181 53.0003120410999 57.2746960622637 
5.5609375 54.9500122941839 52.8540700354058 57.1290664070339 
5.5765625 54.8043417005246 52.7082315504346 56.9838070374265 
5.5921875 54.6590572746015 52.562795472765 56.8389170119339 
5.6078125 54.5141579926974 52.4177606920478 56.6943953914422 
5.6234375 54.3696428338086 52.2731261009976 56.5502412392256 
5.6390625 54.2255107796382 52.1288905953842 56.4064536209399 
5.6546875 54.0817608145888 51.9850530740246 56.2630316046166 
5.6703125 53.9383919257553 51.841612438774 56.1199742606569 
5.6859375 53.7954031029177 51.6985675945175 55.9772806618257 
5.7015625 53.6527933385342 51.5559174491623 55.8349498832455 
5.7171875 53.5105616277338 51.4136609136287 55.6929810023905 
5.7328125 53.3687069683094 51.2717969018423 55.5513730990804 
5.7484375 53.2272283607108 51.1303243307251 55.4101252554748 
5.7640625 53.0861248080375 50.989242120188 55.2692365560668 
5.7796875 52.945395316032 50.8485491931219 55.1287060876777 
5.7953125 52.805038893072 50.7082444753899 54.9885329394503 
5.8109375 52.6650545501646 50.5683268958187 54.8487162028436 
5.8265625 52.5254413009381 50.4287953861909 54.7092549716266 
5.8421875 52.3861981616361 50.2896488812364 54.5701483418728 
5.8578125 52.2473241511098 50.1508863186247 54.4313954119536 
5.8734375 52.1088182908115 50.0125066389563 54.2929952825334 
5.8890625 51.9706796047877 49.874508785755 54.154947056563 
5.9046875 51.832907119672 49.7368917054597 54.0172498392742 
5.9203125 51.6954998646783 49.5996543474163 53.8799027381738 
5.9359375 51.5584568715942 49.4627956638698 53.742904863038 
5.9515625 51.4217771747738 49.3263146099561 53.6062553259065 
5.9671875 51.2854598111313 49.1902101436944 53.4699532410768 
5.9828125 51.1495038201338 49.0544812259788 53.3339977250984 
5.9984375 51.0139082437949 48.9191268205706 53.198387896767 
6.0140625 50.8786721266677 48.7841458940905 53.0631228771191 
6.0296875 50.7437945158381 48.6495374160103 52.928201789426 
6.0453125 50.6092744609185 48.5153003586456 52.7936237591882 
6.0609375 50.4751110140402 48.3814336971475 52.6593879141298 
6.0765625 50.3413032298477 48.2479364094949 52.5254933841926 
6.0921875 50.2078501654913 48.1148074764869 52.391939301531 
6.1078125 50.0747508806211 47.9820458817346 52.2587248005058 
6.1234375 49.9420044373797 47.8496506116537 52.1258490176789 
6.1390625 49.8096099003961 47.7176206554568 51.9933110918075 
6.1546875 49.6775663367789 47.5859550051453 51.8611101638388 
6.1703125 49.5458728161098 47.454652655502 51.7292453769042 
6.1859375 49.414528410437 47.3237126040835 51.5977158763137 
6.2015625 49.2835321942686 47.1931338512123 51.4665208095508 
6.2171875 49.1528832445662 47.0629153999692 51.3356593262664 
6.2328125 49.0225806407383 46.933056256186 51.2051305782735 
6.2484375 48.892623464634 46.8035554284373 51.0749337195419 
6.2640625 48.7630108005362 46.6744119280338 50.9450679061925 
6.2796875 48.6337417351554 46.5456247690137 50.815532296492 
6.2953125 48.5048153576233 46.4171929681363 50.6863260508471 
6.3109375 48.376230759486 46.2891155448734 50.5574483317994 
6.3265625 48.2479870346983 46.1613915214028 50.42889830402 
6.3421875 48.1200832796166 46.0340199226 50.3006751343039 
6.3578125 47.9925185929929 45.9069997760314 50.1727779915644 
6.3734375 47.8652920759682 45.7803301119464 50.0452060468282 
6.3890625 47.7384028320668 45.6540099632704 49.9179584732299 
6.4046875 47.611849967189 45.5280383655969 49.7910344460062 
6.4203125 47.4856325896057 45.4024143571809 49.6644331424912 
6.4359375 47.3597498099517 45.2771369789308 49.5381537421106 
6.4515625 47.2342007412192 45.1522052744014 49.4121954263764 
6.4671875 47.1089844987521 45.0276182897866 49.2865573788822 
6.4828125 46.9841002002394 44.9033750739124 49.1612387852968 
6.4984375 46.8595469657091 44.7794746782288 49.0362388333601 
6.5140625 46.735323917522 44.6559161568036 48.9115567128769 
6.5296875 46.6114301803654 44.5326985663144 48.7871916157124 
6.5453125 46.4878648812471 44.4098209660419 48.6631427357864 
6.5609375 46.3646271494891 44.2872824178621 48.5394092690682 
6.5765625 46.2417161167217 44.16508198624 48.4159904135717 
6.5921875 46.119130916877 44.0432187382217 48.2928853693499 
6.6078125 45.9968706861832 43.9216917434276 48.1700933384896 
6.6234375 45.8749345631582 43.8005000740455 48.0476135251066 
6.6390625 45.7533216886037 43.6796428048229 47.9254451353403 
6.6546875 45.6320312055992 43.5591190130606 47.8035873773488 
6.6703125 45.5110622594957 43.4389277786052 47.6820394613032 
6.6859375 45.3904139979099 43.3190681838425 47.5608005993831 
6.7015625 45.2700855707183 43.19953931369 47.4398700057714 
6.7171875 45.1500761300508 43.0803402555901 47.3192468966487 
6.7328125 45.0303848302852 42.9614700995036 47.1989304901888 
6.7484375 44.9110108280408 42.8429279379018 47.0789200065534 
6.7640625 44.7919532821727 42.7247128657606 46.959214667887 
6.7796875 44.6732113537662 42.6068239805528 46.839813698312 
6.7953125 44.55478420613 42.4892603822415 46.7207163239235 
6.8109375 44.4366710047912 42.3720211732735 46.6019217727844 
6.8265625 44.318870917489 42.2551054585719 46.4834292749204 
6.8421875 44.2013831141687 42.1385123455297 46.365238062315 
6.8578125 44.0842067669764 42.0222409440029 46.2473473689043 
6.8734375 43.9673410502525 41.9062903663036 46.1297564305726 
6.8890625 43.8507851405263 41.7906597271931 46.0124644851467 
6.9046875 43.7345382165102 41.6753481438755 45.8954707723915 
6.9203125 43.6185994590935 41.5603547359908 45.7787745340051 
6.9359375 43.5029680513374 41.445678625608 45.6623750136133 
6.9515625 43.3876431784683 41.3313189372185 45.5462714567655 
6.9671875 43.2726240278728 41.2172747977298 45.4304631109291 
6.9828125 43.1579097890917 41.1035453364581 45.3149492254851 
6.9984375 43.0434996538143 40.9901296851223 45.199729051723 
7.0140625 42.9293928158726 40.877026977837 45.084801842836 
7.0296875 42.8155884712358 40.7642363511061 44.9701668539163 
7.0453125 42.7020858180045 40.651756943816 44.85582334195 
7.0609375 42.5888840564053 40.5395878972292 44.7417705658124 
7.0765625 42.4759823887847 40.4277283549777 44.6280077862633 
7.0921875 42.3633800196039 40.3161774630565 44.5145342659422 
7.1078125 42.251076155433 40.2049343698169 44.4013492693633 
7.1234375 42.1390700049456 40.0939982259602 44.2884520629109 
7.1390625 42.0273607789128 39.9833681845311 44.1758419148348 
7.1546875 41.9159476901982 39.8730434009114 44.0635180952453 
7.1703125 41.8048299537519 39.7630230328133 43.9514798761083 
7.1859375 41.6940067866053 39.6533062402731 43.8397265312413 
7.2015625 41.5834774078651 39.5438921856448 43.728257336308 
7.2171875 41.4732410387084 39.4347800335938 43.6170715688136 
7.2328125 41.363296902377 39.3259689510902 43.5061685081008 
7.2484375 41.2536442241716 39.2174581074029 43.3955474353444 
7.2640625 41.1442822314467 39.1092466740928 43.2852076335469 
7.2796875 41.0352101536052 39.0013338250067 43.1751483875341 
7.2953125 40.9264272220926 38.8937187362712 43.0653689839501 
7.3109375 40.8179326703921 38.7864005862859 42.9558687112527 
7.3265625 40.7097257340185 38.6793785557176 42.8466468597091 
7.3421875 40.6018056505136 38.5726518274937 42.737702721391 
7.3578125 40.4941716594403 38.4662195867964 42.6290355901702 
7.3734375 40.3868230023773 38.3600810210559 42.5206447617138 
7.3890625 40.279758922914 38.2542353199446 42.4125295334799 
7.4046875 40.172978666645 38.1486816753708 42.3046892047128 
7.4203125 40.0664814811648 38.0434192814728 42.1971230764389 
7.4359375 39.9602666160624 37.938447334612 42.0898304514613 
7.4515625 39.8543333229162 37.8337650333675 41.9828106343563 
7.4671875 39.7486808552886 37.72937157853 41.8760629314682 
7.4828125 39.6433084687208 37.625266173095 41.7695866509051 
7.4984375 39.5382154207276 37.5214480222573 41.6633811025343 
7.5140625 39.433400970792 37.4179163334048 41.5574455979778 
7.5296875 39.3288643803602 37.3146703161125 41.4517794506082 
7.5453125 39.224604912836 37.2117091821364 41.3463819755436 
7.5609375 39.1206218335764 37.1090321454072 41.2412524896437 
7.5765625 39.0169144098853 37.0066384220249 41.1363903115051 
7.5921875 38.9134819110095 36.9045272302524 41.0317947614571 
7.6078125 38.8103236081327 36.8026977905095 40.9274651615571 
7.6234375 38.7074387743707 36.7011493253671 40.8234008355862 
7.6390625 38.6048266847662 36.5998810595415 40.719601109045 
7.6546875 38.502486616284 36.4988922198878 40.616065309149 
7.6703125 38.4004178478053 36.3981820353948 40.5127927648244 
7.6859375 38.2986196601232 36.2977497371783 40.4097828067039 
7.7015625 38.1970913359373 36.1975945584762 40.3070347671219 
7.7171875 38.0958321598487 36.0977157346415 40.2045479801106 
7.7328125 37.9948414183551 35.9981125031376 40.1023217813953 
7.7484375 37.8941183998456 35.8987841035316 40.0003555083907 
7.7640625 37.7936623945957 35.799729777489 39.898648500196 
7.7796875 37.6934726947626 35.7009487687676 39.7972000975907 
7.7953125 37.5935485943796 35.6024403232121 39.6960096430307 
7.8109375 37.4938893893519 35.5042036887479 39.5950764806438 
7.8265625 37.3944943774508 35.4062381153756 39.4943999562253 
7.8421875 37.2953628583095 35.3085428551655 39.393979417234 
7.8578125 37.1964941334178 35.2111171622512 39.2938142127879 
7.8734375 37.097887506117 35.1139602928248 39.19390369366 
7.8890625 36.9995422815957 35.0170715051304 39.094247212274 
7.9046875 36.9014577668838 34.9204500594591 38.9948441227001 
7.9203125 36.8036332708488 34.8240952181427 38.8956937806511 
7.9359375 36.70606810419 34.7280062455489 38.7967955434776 
7.9515625 36.6087615794341 34.6321824080747 38.6981487701648 
7.9671875 36.5117130109305 34.5366229741417 38.5997528213272 
7.9828125 36.4149217148458 34.4413272141899 38.5016070592053 
7.9984375 36.3183870091598 34.3462944006724 38.4037108476614 
8.0140625 36.2221082136602 34.2515238080499 38.3060635521749 
8.0296875 36.1260846499378 34.1570147127848 38.2086645398388 
8.0453125 36.0303156413819 34.0627663933363 38.1115131793553 
8.0609375 35.9348005131757 33.9687781301542 38.0146088410317 
8.0765625 35.8395385922909 33.875049205674 37.9179508967766 
8.0921875 35.7445292074838 33.7815789043108 37.8215387200953 
8.1078125 35.6497716892897 33.6883665124545 37.7253716860864 
8.1234375 35.5552653700191 33.595411318464 37.6294491714372 
8.1390625 35.4610095837522 33.5027126126616 37.5337705544199 
8.1546875 35.3670036663345 33.4102696873281 37.4383352148875 
8.1703125 35.2732469553725 33.3180818366968 37.3431425342699 
8.1859375 35.1797387902282 33.2261483569486 37.2481918955699 
8.2015625 35.0864785120154 33.1344685462064 37.1534826833588 
8.2171875 34.9934654635943 33.0430417045295 37.059014283773 
8.2328125 34.9006989895671 32.9518671339089 36.9647860845096 
8.2484375 34.8081784362737 32.8609441382614 36.8707974748227 
8.2640625 34.7159031517867 32.7702720234246 36.7770478455192 
8.2796875 34.6238724859068 32.6798500971512 36.6835365889551 
8.2953125 34.5320857901585 32.5896776691043 36.5902630990311 
8.3109375 34.4405424177855 32.4997540508516 36.4972267711894 
8.3265625 34.3492417237458 32.4100785558607 36.4044270024093 
8.3421875 34.2581830647075 32.320650499493 36.3118631912031 
8.3578125 34.1673657990441 32.2314691989996 36.2195347376127 
8.3734375 34.0767892868302 32.142533973515 36.1274410432055 
8.3890625 33.9864528898364 32.0538441440526 36.0355815110704 
8.4046875 33.8963559715258 31.9653990334994 35.9439555458141 
8.4203125 33.8064978970484 31.8771979666104 35.8525625535573 
8.4359375 33.7168780332376 31.7892402700042 35.7614019419304 
8.4515625 33.6274957486051 31.7015252721572 35.6704731200702 
8.4671875 33.5383504133365 31.6140523033987 35.579775498616 
8.4828125 33.4494413992873 31.5268206959059 35.4893084897054 
8.4984375 33.3607680799781 31.4398297836985 35.3990715069708 
8.5140625 33.2723298305902 31.3530789026342 35.3090639655355 
8.5296875 33.1841260279613 31.2665673904029 35.2192852820101 
8.5453125 33.0961560505811 31.1802945865221 35.1297348744883 
8.5609375 33.0084192785869 31.0942598323318 35.0404121625437 
8.5765625 32.9209150937594 31.0084624709894 34.9513165672254 
8.5921875 32.8336428795177 30.9229018474645 34.8624475110547 
8.6078125 32.7466020209161 30.8375773085345 34.7738044180214 
8.6234375 32.6597919046385 30.7524882027788 34.6853867135796 
8.6390625 32.573211918995 30.6676338805746 34.5971938246445 
8.6546875 32.4868614539172 30.5830136940914 34.5092251795883 
8.6703125 32.400739900954 30.4986269972862 34.4214802082367 
8.6859375 32.3148466532673 30.4144731458987 34.3339583418653 
8.7015625 32.2291811056275 30.3305514974462 34.2466590131955 
8.7171875 32.1437426544098 30.2468614112188 34.1595816563913 
8.7328125 32.0585306975892 30.1634022482747 34.0727257070554 
8.7484375 31.973544634737 30.0801733714348 33.9860906022254 
8.7640625 31.8887838670159 29.9971741452783 33.8996757803706 
8.7796875 31.8042477971764 29.9144039361377 33.8134806813877 
8.7953125 31.7199358295521 29.8318621120938 33.727504746598 
8.8109375 31.6358473700556 29.7495480429714 33.6417474187429 
8.8265625 31.5519818261748 29.6674611003337 33.5562081419811 
8.8421875 31.4683386069678 29.5856006574782 33.4708863618843 
8.8578125 31.3849171230597 29.5039660894315 33.385781525434 
8.8734375 31.3017167866377 29.4225567729448 33.3008930810179 
8.8890625 31.2187370114476 29.3413720864888 33.2162204784264 
8.9046875 31.135977212789 29.2604114102495 33.1317631688484 
8.9203125 31.0534368075118 29.1796741261227 33.0475206048689 
8.9359375 30.9711152140116 29.0991596177101 32.9634922404642 
8.9515625 30.8890118522259 29.018867270314 32.8796775309993 
8.9671875 30.8071261436299 28.9387964709328 32.7960759332238 
8.9828125 30.7254575112326 28.8589466082565 32.7126869052689 
8.9984375 30.6440053795724 28.7793170726617 32.6295099066432 
9.0140625 30.5627691747133 28.6999072562073 32.5465443982299 
9.0296875 30.4817483242407 28.6207165526294 32.4637898422829 
9.0453125 30.4009422572576 28.5417443573372 32.3812457024232 
9.0609375 30.3203504043803 28.4629900674079 32.2989114436358 
9.0765625 30.2399721977346 28.3844530815826 32.2167865322662 
9.0921875 30.1598070709516 28.3061328002612 32.1348704360165 
9.1078125 30.0798544591641 28.2280286254982 32.0531626239425 
9.1234375 30.000113799002 28.1501399609978 31.9716625664498 
9.1390625 29.9205845285889 28.0724662121098 31.8903697352907 
9.1546875 29.8412660875378 27.9950067858247 31.8092836035607 
9.1703125 29.7621579169472 27.917761090769 31.7284036456949 
9.1859375 29.6832594593976 27.8407285372015 31.6477293374647 
9.2015625 29.6045701589468 27.7639085370078 31.5672601559747 
9.2171875 29.5260894611264 27.6873005036964 31.4869955796587 
9.2328125 29.4478168129382 27.6109038523941 31.4069350882769 
9.2484375 29.3697516628496 27.5347179998415 31.3270781629121 
9.2640625 29.2918934607905 27.4587423643888 31.2474242859668 
9.2796875 29.2142416581485 27.3829763659907 31.1679729411594 
9.2953125 29.1367957077661 27.3074194262026 31.0887236135209 
9.3109375 29.0595550639358 27.2320709681761 31.0096757893919 
9.3265625 28.9825191823972 27.1569304166545 30.9308289564189 
9.3421875 28.9056875203324 27.081997197968 30.8521826035513 
9.3578125 28.8290595363626 27.0072707400301 30.7737362210379 
9.3734375 28.7526346905442 26.9327504723328 30.6954893004234 
9.3890625 28.6764124443649 26.8584358259421 30.6174413345455 
9.4046875 28.6003922607401 26.7843262334939 30.5395918175315 
9.4203125 28.5245736040088 26.7104211291897 30.4619402447949 
9.4359375 28.4489559399302 26.6367199487922 30.3844861130321 
9.4515625 28.3735387356797 26.5632221296208 30.3072289202193 
9.4671875 28.2983214598452 26.4899271105477 30.2301681656092 
9.4828125 28.2233035824232 26.4168343319932 30.1533033497276 
9.4984375 28.1484845748156 26.3439432359219 30.0766339743705 
9.5140625 28.0738639098251 26.2712532658378 30.0001595426005 
9.5296875 27.9994410616525 26.1987638667808 29.9238795587438 
9.5453125 27.925215505892 26.1264744853218 29.8477935283868 
9.5609375 27.8511867195283 26.0543845695589 29.7719009583733 
9.5765625 27.7773541809325 25.9824935691131 29.6962013568007 
9.5921875 27.7037173698584 25.9108009351238 29.6206942330174 
9.6078125 27.6302757674393 25.8393061202451 29.5453790976191 
9.6234375 27.5570288561835 25.7680085786412 29.4702554624462 
9.6390625 27.4839761199716 25.6969077659825 29.3953228405801 
9.6546875 27.4111170440522 25.6260031394415 29.3205807463402 
9.6703125 27.3384511150384 25.5552941576882 29.2460286952811 
9.6859375 27.2659778209046 25.4847802808864 29.171666204189 
9.7015625 27.1936966509822 25.4144609706895 29.0974927910787 
9.7171875 27.1216070959565 25.3443356902363 29.0235079751905 
9.7328125 27.0497086478631 25.274403904147 28.9497112769873 
9.7484375 26.9780008000841 25.2046650785189 28.8761022181511 
9.7640625 26.9064830473446 25.1351186809228 28.8026803215803 
9.7796875 26.8351548857091 25.0657641803982 28.7294451113861 
9.7953125 26.7640158125781 24.99660104745 28.65639611289 
9.8109375 26.6930653266846 24.9276287540439 28.5835328526204 
9.8265625 26.6223029280903 24.8588467736026 28.5108548583094 
9.8421875 26.5517281181821 24.7902545810021 28.43836165889 
9.8578125 26.4813403996689 24.7218516525668 28.3660527844932 
9.8734375 26.4111392765779 24.6536374660666 28.2939277664442 
9.8890625 26.3411242542511 24.5856115007119 28.2219861372605 
9.9046875 26.2712948393416 24.5177732371505 28.1502274306476 
9.9203125 26.2016505398106 24.450122157463 28.0786511814972 
9.9359375 26.1321908649237 24.3826577451592 28.0072569258833 
9.9515625 26.0629153252471 24.3153794851739 27.9360442010595 
9.9671875 25.9938234326448 24.2482868638631 27.865012545456 
9.9828125 25.9249147002748 24.1813793690003 27.7941614986769 
9.9984375 25.8561886425855 24.1146564897722 27.7234906014965 
10.0140625 25.7876447753127 24.0481177167749 27.652999395857 
10.0296875 25.7192826154757 23.9817625420102 27.5826874248653 
10.0453125 25.6511016813746 23.9155904588816 27.5125542327899 
10.0609375 25.5831014925859 23.8496009621905 27.4425993650581 
10.0765625 25.5152815699602 23.7837935481321 27.3728223682531 
10.0921875 25.4476414356181 23.7181677142918 27.3032227901109 
10.1078125 25.3801806129469 23.6527229596413 27.2338001795175 
10.1234375 25.3128986265976 23.5874587845349 27.1645540865058 
10.1390625 25.2457950024813 23.5223746907054 27.0954840622531 
10.1546875 25.1788692677658 23.4574701812604 27.0265896590775 
10.1703125 25.1121209508724 23.3927447606788 26.9578704304358 
10.1859375 25.0455495814726 23.3281979348066 26.8893259309198 
10.2015625 24.9791546904847 23.2638292108532 26.8209557162543 
10.2171875 24.9129358100704 23.199638097388 26.7527593432932 
10.2328125 24.8468924736318 23.1356241043363 26.6847363700176 
10.2484375 24.7810242158078 23.0717867429755 26.6168863555324 
10.2640625 24.7153305724711 23.0081255259317 26.5492088600633 
10.2796875 24.6498110807246 22.9446399671756 26.4817034449544 
10.2953125 24.5844652788985 22.8813295820193 26.4143696726653 
10.3109375 24.5192927065467 22.8181938871119 26.3472071067677 
10.3265625 24.4542929044438 22.7552324004365 26.2802153119434 
10.3421875 24.389465414582 22.692444641306 26.2133938539808 
10.3578125 24.3248097801673 22.6298301303599 26.1467422997725 
10.3734375 24.2603255456168 22.5673883895601 26.0802602173122 
10.3890625 24.1960122565555 22.5051189421876 26.0139471756922 
10.4046875 24.1318694598127 22.443021312839 25.9478027451003 
10.4203125 24.0678967034191 22.3810950274224 25.8818264968172 
10.4359375 24.0040935366036 22.3193396131542 25.8160180032138 
10.4515625 23.94045950979 22.2577545985554 25.7503768377482 
10.4671875 23.8769941745942 22.1963395134476 25.6849025749631 
10.4828125 23.8136970838202 22.1350938889502 25.6195947904829 
10.4984375 23.750567791458 22.0740172574761 25.5544530610111 
10.5140625 23.6876058526798 22.0131091527284 25.4894769643276 
10.5296875 23.624810823837 21.952369109697 25.4246660792856 
10.5453125 23.562182262457 21.8917966646546 25.3600199858095 
10.5609375 23.4997197272403 21.8313913551537 25.2955382648914 
10.5765625 23.4374227780573 21.7711527200227 25.231220498589 
10.5921875 23.3752909759451 21.7110802993626 25.1670662700229 
10.6078125 23.3133238831045 21.6511736345433 25.1030751633732 
10.6234375 23.2515210628969 21.5914322682002 25.0392467638776 
10.6390625 23.1898820798411 21.5318557442307 24.9755806578283 
10.6546875 23.1284064996106 21.4724436077906 24.9120764325696 
10.6703125 23.0670938890299 21.4131954052909 24.8487336764947 
10.6859375 23.0059438160723 21.3541106843942 24.7855519790437 
10.7015625 22.9449558498561 21.295188994011 24.7225309307003 
10.7171875 22.8841295606417 21.2364298842966 24.6596701229899 
10.7328125 22.8234645198292 21.1778329066476 24.5969691484759 
10.7484375 22.7629602999545 21.1193976136984 24.5344276007583 
10.7640625 22.7026164746868 21.0611235593176 24.47204507447 
10.7796875 22.6424326188255 21.0030102986052 24.4098211652747 
10.7953125 22.5824083082973 20.9450573878884 24.3477554698644 
10.8109375 22.5225431201529 20.8872643847187 24.2858475859562 
10.8265625 22.4628366325644 20.8296308478687 24.2240971122905 
10.8421875 22.403288424822 20.7721563373281 24.1625036486275 
10.8578125 22.3438980773314 20.714840414301 24.1010667957455 
10.8734375 22.2846651716104 20.657682641202 24.0397861554376 
10.8890625 22.2255892902863 20.6006825816533 23.9786613305095 
10.9046875 22.1666700170928 20.5438398004811 23.9176919247769 
10.9203125 22.1079069368672 20.4871538637125 23.8568775430626 
10.9359375 22.0492996355473 20.4306243385718 23.7962177911946 
10.9515625 21.9908477001685 20.3742507934776 23.7357122760027 
10.9671875 21.9325507188611 20.3180327980393 23.6753606053167 
10.9828125 21.8744082808472 20.261969923054 23.6151623879635 
10.9984375 21.8164199764377 20.2060617405028 23.5551172337646 
11.0140625 21.7585853970299 20.1503078235482 23.4952247535335 
11.0296875 21.700904135104 20.0947077465301 23.4354845590733 
11.0453125 21.6433757842206 20.0392610849631 23.3758962631744 
11.0609375 21.5859999390178 19.983967415533 23.3164594796113 
11.0765625 21.5287761952084 19.9288263160936 23.2571738231408 
11.0921875 21.4717041495767 19.8738373656638 23.1980389094994 
11.1078125 21.4147833999761 19.8190001444237 23.1390543554002 
11.1234375 21.358013545326 19.764314233712 23.0802197785312 
11.1390625 21.3013941856091 19.7097792160225 23.0215347975525 
11.1546875 21.2449249218685 19.6553946750013 22.9629990320936 
11.1703125 21.188605356205 19.6011601954429 22.9046121027514 
11.1859375 21.1324350917739 19.5470753632877 22.8463736310872 
11.2015625 21.076413732783 19.4931397656187 22.7882832396248 
11.2171875 21.0205408844891 19.4393529906581 22.7303405518476 
11.2328125 20.9648161531953 19.3857146277642 22.6725451921966 
11.2484375 20.9092391462486 19.3322242674286 22.6148967860674 
11.2640625 20.8538094720368 19.2788815012727 22.5573949598084 
11.2796875 20.7985267399859 19.2256859220448 22.5000393407177 
11.2953125 20.7433905605574 19.1726371236169 22.4428295570414 
11.3109375 20.6884005452452 19.1197347009816 22.3857652379707 
11.3265625 20.6335563065732 19.0669782502489 22.3288460136397 
11.3421875 20.5788574580927 19.0143673686436 22.2720715151227 
11.3578125 20.5243036143792 18.9619016545014 22.2154413744324 
11.3734375 20.4698943910301 18.9095807072666 22.1589552245169 
11.3890625 20.4156294046617 18.8574041274887 22.1026126992577 
11.4046875 20.3615082729068 18.8053715168194 22.0464134334673 
11.4203125 20.3075306144118 18.7534824780094 21.9903570628864 
11.4359375 20.2536960488339 18.7017366149057 21.9344432241824 
11.4515625 20.2000041968387 18.6501335324482 21.878671554946 
11.4671875 20.1464546800976 18.5986728366672 21.8230416936899 
11.4828125 20.0930471212845 18.5473541346797 21.7675532798454 
11.4984375 20.0397811440739 18.4961770346869 21.712205953761 
11.5140625 19.9866563731379 18.4451411459712 21.6569993566996 
11.5296875 19.9336724341434 18.394246078893 21.6019331308361 
11.5453125 19.8808289537499 18.3434914448878 21.5470069192553 
11.5609375 19.8281255596063 18.2928768564633 21.4922203659496 
11.5765625 19.7755618803489 18.2424019271963 21.4375731158164 
11.5921875 19.7231375455984 18.1920662717299 21.3830648146562 
11.6078125 19.6708521859571 18.1418695057706 21.32869510917 
11.6234375 19.618705433007 18.0918112460851 21.2744636469572 
11.6390625 19.5666969193063 18.0418911104977 21.2203700765131 
11.6546875 19.5148262783876 17.9921087178871 21.166414047227 
11.6703125 19.463093144755 17.9424636881837 21.1125952093793 
11.6859375 19.4114971538812 17.8929556423665 21.05891321414 
11.7015625 19.3600379422056 17.8435842024606 21.0053677135657 
11.7171875 19.3087151471312 17.7943489915336 20.9519583605981 
11.7328125 19.2575284070223 17.7452496336935 20.898684809061 
11.7484375 19.2064773612019 17.6962857540854 20.8455467136586 
11.7640625 19.1555616499491 17.6474569788886 20.792543729973 
11.7796875 19.1047809144965 17.5987629353141 20.739675514462 
11.7953125 19.054134797028 17.5502032516013 20.686941724457 
11.8109375 19.0036229406759 17.5017775570155 20.6343420181605 
11.8265625 18.9532449895187 17.453485481845 20.5818760546444 
11.8421875 18.9030005885782 17.4053266573981 20.5295434938472 
11.8578125 18.8528893838174 17.3573007160005 20.4773439965721 
11.8734375 18.8029110221378 17.3094072909925 20.4252772244848 
11.8890625 18.7530651513771 17.2616460167258 20.3733428401112 
11.9046875 18.7033514203062 17.2140165285615 20.3215405068355 
11.9203125 18.6537694786275 17.1665184628664 20.2698698888975 
11.9359375 18.6043189769717 17.1191514570109 20.2183306513908 
11.9515625 18.554999566896 17.0719151493659 20.1669224602608 
11.9671875 18.505810900881 17.0248091793002 20.1156449823019 
11.9828125 18.4567526323287 16.9778331871775 20.064497885156 
11.9984375 18.40782441556 16.9309868143542 20.01348083731 
12.0140625 18.3590259058119 16.8842697031758 19.9625935080936 
12.0296875 18.3103567592358 16.8376814969751 19.9118355676775 
12.0453125 18.2618166328942 16.7912218400688 19.861206687071 
12.0609375 18.2134051847589 16.7448903777551 19.8107065381196 
12.0765625 18.1651220737085 16.6986867563109 19.7603347935037 
12.0921875 18.1169669595257 16.6526106229892 19.7100911267354 
12.1078125 18.0689395028953 16.6066616260161 19.6599752121575 
12.1234375 18.0210393654014 16.5608394145886 19.6099867249404 
12.1390625 17.9732662095254 16.5151436388715 19.5601253410805 
12.1546875 17.9256196986435 16.4695739499949 19.5103907373984 
12.1703125 17.878099497024 16.4241300000516 19.4607825915359 
12.1859375 17.8307052698254 16.3788114420943 19.4113005819548 
12.2015625 17.783436683094 16.3336179301331 19.3619443879343 
12.2171875 17.7362934037611 16.2885491191327 19.3127136895692 
12.2328125 17.6892750996412 16.2436046650098 19.2636081677676 
12.2484375 17.6423814394292 16.1987842246307 19.214627504249 
12.2640625 17.5956120926984 16.1540874558083 19.1657713815422 
12.2796875 17.5489667298981 16.1095140172998 19.1170394829831 
12.2953125 17.5024450223512 16.0650635688039 19.068431492713 
12.3109375 17.4560466422517 16.0207357709585 19.0199470956759 
12.3265625 17.4097712626629 15.9765302853375 18.9715859776174 
12.3421875 17.3636185575147 15.9324467744489 18.9233478250818 
12.3578125 17.3175882016012 15.888484901732 18.8752323254104 
12.3734375 17.271679870579 15.8446443315544 18.8272391667397 
12.3890625 17.2258932409643 15.8009247292102 18.779368037999 
12.4046875 17.1802279901306 15.7573257609168 18.7316186289086 
12.4203125 17.1346837963072 15.7138470938126 18.6839906299776 
12.4359375 17.089260338576 15.6704883959546 18.6364837325023 
12.4515625 17.0439572968698 15.6272493363156 18.5890976285636 
12.4671875 16.9987743519699 15.5841295847819 18.5418320110257 
12.4828125 16.9537111855037 15.5411288121504 18.4946865735334 
12.4984375 16.9087674799427 15.4982466901267 18.4476610105106 
12.5140625 16.8639429186002 15.4554828913221 18.4007550171582 
12.5296875 16.819237185629 15.4128370892513 18.353968289452 
12.5453125 16.7746499660191 15.3703089583297 18.307300524141 
12.5609375 16.7301809455956 15.3278981738713 18.2607514187451 
12.5765625 16.6858298110167 15.2856044120858 18.2143206715534 
12.5921875 16.6415962497709 15.2434273500765 18.1680079816221 
12.6078125 16.5974799501755 15.2013666658376 18.1218130487725 
12.6234375 16.5534806013738 15.1594220382516 18.0757355735893 
12.6390625 16.5095978933332 15.1175931470874 18.0297752574185 
12.6546875 16.4658315168432 15.0758796729972 17.9839318023655 
12.6703125 16.4221811635127 15.0342812975146 17.9382049112928 
12.6859375 16.3786465257685 14.9927977030517 17.892594287819 
12.7015625 16.3352272968523 14.9514285728972 17.8470996363159 
12.7171875 16.2919231708195 14.9101735912133 17.8017206619069 
12.7328125 16.2487338425362 14.8690324430341 17.7564570704656 
12.7484375 16.2056590076775 14.8280048142626 17.7113085686129 
12.7640625 16.1626983627253 14.7870903916683 17.6662748637162 
12.7796875 16.1198516049661 14.7462888628852 17.6213556638867 
12.7953125 16.0771184324888 14.7055999164092 17.5765506779776 
12.8109375 16.0344985441828 14.6650232415956 17.5318596155828 
12.8265625 15.9919916397356 14.6245585286569 17.4872821870343 
12.8421875 15.9495974196309 14.5842054686605 17.4428181034006 
12.8578125 15.9073155851463 14.5439637535261 17.3984670764851 
12.8734375 15.8651458383516 14.5038330760236 17.3542288188238 
12.8890625 15.823087882106 14.4638131297703 17.3101030436836 
12.9046875 15.7811414200566 14.4239036092293 17.2660894650606 
12.9203125 15.7393061566362 14.3841042097066 17.222187797678 
12.9359375 15.697581797061 14.3444146273489 17.1783977569844 
12.9515625 15.6559680473287 14.3048345591413 17.134719059152 
12.9671875 15.6144646142165 14.265363702905 17.0911514210744 
12.9828125 15.5730712052788 14.2260017572951 17.0476945603653 
12.9984375 15.5317875288453 14.1867484217981 17.0043481953564 
13.0140625 15.4906132940188 14.1476033967298 16.9611120450955 
13.0296875 15.4495482106735 14.1085663832326 16.9179858293447 
13.0453125 15.4085919894525 14.0696370832739 16.8749692685788 
13.0609375 15.367744341766 14.0308151996433 16.8320620839832 
13.0765625 15.3270049797895 13.9921004359504 16.7892639974524 
13.0921875 15.286373616461 13.9534924966228 16.7465747315879 
13.1078125 15.2458499654801 13.9149910869035 16.7039940096965 
13.1234375 15.2054337413049 13.876595912849 16.6615215557886 
13.1390625 15.1651246591506 13.8383066813266 16.6191570945764 
13.1546875 15.1249224349875 13.8001231000126 16.5769003514718 
13.1703125 15.0848267855387 13.7620448773899 16.5347510525853 
13.1859375 15.0448374282782 13.7240717227459 16.4927089247234 
13.2015625 15.0049540814292 13.6862033461697 16.4507736953875 
13.2171875 14.9651764639617 13.6484394585509 16.4089450927718 
13.2328125 14.9255042955907 13.6107797715765 16.3672228457616 
13.2484375 14.8859372967743 13.5732239977292 16.3256066839315 
13.2640625 14.8464751887117 13.5357718502847 16.2840963375437 
13.2796875 14.807117693341 13.4984230433104 16.2426915375464 
13.2953125 14.7678645333376 13.4611772916622 16.2013920155717 
13.3109375 14.728715432112 13.4240343109829 16.1601975039342 
13.3265625 14.689670113808 13.3869938177001 16.1191077356291 
13.3421875 14.6507283033006 13.3500555290237 16.0781224443305 
13.3578125 14.6118897261942 13.3132191629439 16.0372413643896 
13.3734375 14.5731541088207 13.2764844382289 15.9964642308332 
13.3890625 14.5345211782372 13.2398510744233 15.9557907793617 
13.4046875 14.4959906622247 13.2033187918452 15.9152207463476 
13.4203125 14.4575622892857 13.1668873115845 15.8747538688337 
13.4359375 14.4192357886423 13.1305563555006 15.8343898845314 
13.4515625 14.3810108902346 13.0943256462207 15.794128531819 
13.4671875 14.3428873247186 13.0581949071369 15.75396954974 
13.4828125 14.3048648234643 13.0221638624049 15.7139126780015 
13.4984375 14.2669431185537 12.9862322369413 15.6739576569723 
13.5140625 14.2291219427793 12.9503997564218 15.6341042276814 
13.5296875 14.1914010296418 12.9146661472791 15.5943521318164 
13.5453125 14.1537801133483 12.8790311367006 15.5547011117216 
13.5609375 14.1162589288106 12.8434944526266 15.5151509103964 
13.5765625 14.0788372116434 12.808055823748 15.4757012714937 
13.5921875 14.041514698162 12.7727149795044 15.4363519393181 
13.6078125 14.0042911253808 12.7374716500819 15.3971026588246 
13.6234375 13.9671662310116 12.702325566411 15.3579531756164 
13.6390625 13.930139753461 12.6672764601647 15.3189032359438 
13.6546875 13.8932114318297 12.6323240637566 15.279952586702 
13.6703125 13.8563810059096 12.5974681103383 15.2411009754301 
13.6859375 13.8196482161826 12.5627083337978 15.2023481503088 
13.7015625 13.7830128038184 12.5280444687575 15.1636938601593 
13.7171875 13.746474510673 12.493476250572 15.1251378544415 
13.7328125 13.7100330792867 12.4590034153261 15.086679883252 
13.7484375 13.6736882528824 12.4246256998328 15.0483196973233 
13.7640625 13.6374397753635 12.3903428416313 15.0100570480213 
13.7796875 13.6012873913124 12.3561545789849 14.9718916873443 
13.7953125 13.5652308459887 12.3220606508795 14.933823367921 
13.8109375 13.5292698853272 12.2880607970206 14.8958518430094 
13.8265625 13.4934042559362 12.2541547578325 14.8579768664946 
13.8421875 13.4576337050958 12.2203422744554 14.8201981928875 
13.8578125 13.4219579807561 12.1866230887439 14.7825155773234 
13.8734375 13.3863768315352 12.1529969432647 14.7449287755599 
13.8890625 13.3508900067178 12.1194635812951 14.7074375439759 
13.9046875 13.3154972562531 12.0860227468205 14.6700416395696 
13.9203125 13.2801983307533 12.052674184533 14.6327408199571 
13.9359375 13.2449929814915 12.019417639829 14.5955348433709 
13.9515625 13.2098809604005 11.9862528588073 14.558423468658 
13.9671875 13.1748620200703 11.9531795882675 14.5214064552787 
13.9828125 13.1399359137472 11.9201975757078 14.484483563305 
13.9984375 13.1051023953313 11.8873065693229 14.4476545534188 
14.0140625 13.0703612193754 11.8545063180027 14.4109191869105 
14.0296875 13.0357121410826 11.8217965713296 14.3742772256777 
14.0453125 13.0011549163053 11.7891770795772 14.3377284322232 
14.0609375 12.966689301543 11.7566475937081 14.3012725696535 
14.0765625 12.9323150539407 11.724207865372 14.2649094016779 
14.0921875 12.8980319312871 11.6918576469039 14.228638692606 
14.1078125 12.8638396920132 11.6595966913222 14.1924602073472 
14.1234375 12.8297380951902 11.6274247523268 14.1563737114082 
14.1390625 12.7957269005281 11.5953415842972 14.1203789708921 
14.1546875 12.761805868374 11.5633469422906 14.0844757524969 
14.1703125 12.72797475971 11.53144058204 14.0486638235134 
14.1859375 12.6942333361521 11.4996222599525 14.0129429518246 
14.2015625 12.6605813599482 11.4678917331074 13.9773129059032 
14.2171875 12.6270185939764 11.4362487592541 13.941773454811 
14.2328125 12.5935448017435 11.4046930968106 13.9063243681968 
14.2484375 12.5601597473831 11.3732245048613 13.870965416295 
14.2640625 12.5268631956542 11.3418427431557 13.8356963699244 
14.2796875 12.4936549119393 11.3105475721057 13.8005170004865 
14.2953125 12.4605346622431 11.2793387527848 13.7654270799641 
14.3109375 12.4275022131902 11.2482160469254 13.7304263809195 
14.3265625 12.3945573320243 11.2171792169176 13.6955146764935 
14.3421875 12.3616997866058 11.1862280258068 13.6606917404038 
14.3578125 12.3289293454107 11.1553622372927 13.6259573469433 
14.3734375 12.2962457775288 11.1245816157265 13.5913112709789 
14.3890625 12.2636488526618 11.09388592611 13.5567532879499 
14.4046875 12.2311383411221 11.0632749340932 13.5222831738664 
14.4203125 12.1987140138309 11.0327484059729 13.4879007053084 
14.4359375 12.1663756423168 11.0023061086907 13.4536056594237 
14.4515625 12.1341229987139 10.9719478098311 13.4193978139268 
14.4671875 12.1019558557605 10.9416732776201 13.3852769470974 
14.4828125 12.0698739867973 10.9114822809232 13.351242837779 
14.4984375 12.0378771657659 10.8813745892435 13.3172952653774 
14.5140625 12.0059651672071 10.8513499727204 13.2834340098592 
14.5296875 11.9741377662596 10.8214082021273 13.2496588517506 
14.5453125 11.9423947386578 10.7915490488701 13.2159695721358 
14.5609375 11.9107358607311 10.7617722849856 13.1823659526557 
14.5765625 11.8791609094015 10.7320776831395 13.1488477755062 
14.5921875 11.8476696621824 10.7024650166248 13.1154148234372 
14.6078125 11.8162618971772 10.6729340593601 13.0820668797509 
14.6234375 11.7849373930773 10.6434845858877 13.0488037283005 
14.6390625 11.753695929161 10.6141163713722 13.0156251534889 
14.6546875 11.7225372852916 10.5848291915983 12.982530940267 
14.6703125 11.6914612419161 10.5556228229696 12.9495208741326 
14.6859375 11.6604675800632 10.5264970425065 12.916594741129 
14.7015625 11.6295560813425 10.4974516278449 12.8837523278432 
14.7171875 11.5987265279424 10.468486357234 12.8509934214052 
14.7328125 11.5679787026285 10.439601009535 12.818317809486 
14.7484375 11.5373123887425 10.4107953642192 12.7857252802966 
14.7640625 11.5067273702005 10.3820692013666 12.7532156225865 
14.7796875 11.4762234314913 10.3534223016637 12.7207886256424 
14.7953125 11.445800357675 10.3248544464024 12.6884440792865 
14.8109375 11.4154579343815 10.296365417478 12.6561817738757 
14.8265625 11.3851959478092 10.2679549973876 12.6240015002999 
14.8421875 11.355014184723 10.2396229692284 12.5919030499806 
14.8578125 11.3249124324533 10.2113691166962 12.5598862148696 
14.8734375 11.2948904788941 10.1831932240835 12.5279507874479 
14.8890625 11.2649481125017 10.1550950762781 12.4960965607239 
14.9046875 11.2350851222933 10.1270744587614 12.4643233282326 
14.9203125 11.2053012978455 10.0991311576066 12.4326308840337 
14.9359375 11.1755964292924 10.0712649594773 12.4010190227106 
14.9515625 11.1459703073247 10.0434756516255 12.3694875393691 
14.9671875 11.116422723188 10.0157630218905 12.3380362296359 
14.9828125 11.0869534686811 9.98812685869691 12.3066648896574 
14.9984375 11.0575623361548 9.96056695105316 12.2753733160983 
