--------------------------------------------
number index.| raw value.| value.
--------------------------------------------
0            | 129,24    |  1,29e+02
1            | 24,8      |  2,48e+01
2            | 4,847     |  4,85e+00
3            | 88,6      |  8,86e+01
4            | 33,745    |  3,37e+01
5            | 7,78      |  7,78e+00
6            | 30,39     |  3,04e+01
7            | 99,811    |  9,98e+01
8            | 6,723     |  6,72e+00
9            | -1,33     | -1,33e+00
10           | 96,3      |  9,63e+01
11           | 2,23      |  2,23e+00
12           | 1         |  1,00e+00
13           | 312312    |  3,12e+05
14           | 321312    |  3,21e+05
--------------------------------------------
